150.000000 10  5
 0.000000E+00          NaN          NaN          NaN          NaN          NaN
 0.200000E+02  0.28113E+00  0.40420E-01  0.32071E+00  0.58600E-01 -0.48602E+00
 0.400000E+02  0.87727E+00  0.57419E+00  0.42970E+00  0.37348E+00 -0.16650E-02
 0.600000E+02  0.96405E+00  0.59365E+00  0.18528E+00  0.33057E+00  0.39425E+00
 0.800000E+02  0.96820E+00  0.89842E+00  0.48604E+00  0.50784E+00  0.57801E+00
 0.100000E+03  0.62039E-01  0.64845E+00  0.94484E-01  0.72953E+00  0.63477E+00
 0.120000E+03  0.49724E+00 -0.18705E+00 -0.11910E+00 -0.11773E-01  0.26168E+00
 0.140000E+03 -0.35320E+00 -0.65661E-01  0.25504E+00  0.57001E-01 -0.58395E-01
 0.160000E+03  0.58444E+00  0.63764E+00 -0.37155E+00  0.23871E+00  0.24211E+00
 0.180000E+03  0.51711E-06  0.33244E-06 -0.33250E-06  0.15398E-06 -0.32626E-06
160.000000 10  5
 0.000000E+00          NaN          NaN          NaN          NaN          NaN
 0.200000E+02  0.31447E+00  0.32568E-01  0.26040E+00  0.54863E-01 -0.47089E+00
 0.400000E+02  0.97670E+00  0.58263E+00  0.66813E+00  0.25786E+00  0.35211E+00
 0.600000E+02  0.85992E+00  0.40230E+00  0.35798E+00  0.21705E+00  0.26833E+00
 0.800000E+02  0.96093E+00  0.56125E+00  0.67919E+00  0.75714E+00  0.44565E+00
 0.100000E+03  0.14926E+00  0.54289E+00  0.31531E+00  0.15439E+00  0.60349E+00
 0.120000E+03  0.47081E+00 -0.49635E+00  0.19474E+00  0.30455E+00 -0.34689E+00
 0.140000E+03  0.15774E+00 -0.28026E+00  0.32974E-01  0.19620E+00  0.49110E-01
 0.160000E+03 -0.78605E+00 -0.45984E-01  0.88057E-02  0.66700E-01 -0.66609E-01
 0.180000E+03 -0.79533E-06 -0.51975E-07 -0.83735E-07  0.19218E-06 -0.81105E-07
180.000000 10  5
 0.000000E+00          NaN          NaN          NaN          NaN          NaN
 0.200000E+02  0.58786E+00  0.94087E+00  0.18124E+00  0.29532E-01 -0.16157E+00
 0.400000E+02  0.49249E+00  0.64605E+00  0.21980E+00  0.82732E-01  0.12829E+00
 0.600000E+02  0.44643E+00  0.46816E+00  0.39760E+00  0.49134E+00 -0.17732E+00
 0.800000E+02  0.57263E+00  0.80498E-01  0.14758E+00  0.63226E+00  0.76679E+00
 0.100000E+03  0.31709E+00  0.62066E+00 -0.13755E+00  0.49552E+00  0.37425E+00
 0.120000E+03 -0.27615E+00 -0.18840E+00 -0.12599E+00  0.10498E+00  0.76593E-01
 0.140000E+03 -0.39369E+00  0.17198E+00 -0.17218E-01  0.32498E+00  0.21678E+00
 0.160000E+03  0.18949E+00 -0.18233E+00  0.17884E+00 -0.26348E+00 -0.18539E+00
 0.180000E+03 -0.39667E-06 -0.63065E-06  0.34068E-06 -0.18572E-06  0.19414E-06
200.000000 10  5
 0.000000E+00          NaN          NaN          NaN          NaN          NaN
 0.200000E+02  0.85783E+00  0.49818E+00  0.13175E+00  0.74719E-02 -0.25390E-01
 0.400000E+02 -0.12299E+00  0.69386E+00  0.30613E+00  0.32413E+00 -0.15774E-01
 0.600000E+02  0.57363E+00 -0.26175E+00  0.50259E+00  0.39278E+00  0.39687E+00
 0.800000E+02  0.88613E+00 -0.58729E+00  0.71203E+00  0.37465E+00  0.52609E+00
 0.100000E+03  0.10794E-02  0.14570E+00  0.84984E-01 -0.11595E+00  0.27242E+00
 0.120000E+03  0.17375E+00 -0.29455E+00 -0.66414E-01  0.91642E-01 -0.11764E+00
 0.140000E+03  0.37621E+00 -0.60776E-02 -0.49060E-01  0.79502E-01  0.37858E+00
 0.160000E+03 -0.84923E-01  0.62645E-01  0.14525E-01 -0.14206E+00 -0.29491E+00
 0.180000E+03  0.82579E-06 -0.33113E-06  0.27833E-06 -0.16334E-06  0.15894E-06
130.000000 10  5
 0.000000E+00          NaN          NaN          NaN          NaN          NaN
 0.200000E+02  0.86210E+00  0.16555E+00  0.48436E+00 -0.55816E-01 -0.36569E+00
 0.400000E+02  0.25883E+00  0.77915E+00  0.38849E+00  0.46737E+00 -0.65262E-01
 0.600000E+02  0.51507E-01  0.99957E-01  0.47847E+00  0.60988E+00  0.22086E-01
 0.800000E+02  0.54671E+00  0.25314E+00  0.58750E+00  0.73419E+00  0.25160E+00
 0.100000E+03 -0.35175E+00  0.59635E+00  0.90346E+00  0.76286E+00  0.55627E+00
 0.120000E+03 -0.65522E+00  0.37483E+00 -0.20800E+00  0.51807E+00 -0.21023E+00
 0.140000E+03 -0.86530E-02 -0.76184E+00  0.31289E+00 -0.27082E+00 -0.20037E-01
 0.160000E+03  0.93545E-01  0.21337E+00 -0.14053E+00 -0.27198E-01 -0.44507E-01
 0.180000E+03  0.33993E-06  0.39329E-06 -0.22829E-06 -0.20826E-06  0.14119E-06
115.000000 10  5
 0.000000E+00          NaN          NaN          NaN          NaN          NaN
 0.200000E+02  0.76672E+00  0.25296E+00  0.23068E+00 -0.20308E+00 -0.29090E+00
 0.400000E+02  0.84892E+00  0.63159E+00  0.57473E+00 -0.18515E-01  0.59609E-01
 0.600000E+02  0.83077E+00  0.88834E+00  0.42508E+00  0.28536E+00  0.30370E+00
 0.800000E+02  0.98048E+00  0.81103E+00  0.55615E+00  0.44404E+00  0.52597E+00
 0.100000E+03  0.14562E+00  0.91909E+00  0.88587E+00  0.72385E+00  0.59653E+00
 0.120000E+03  0.95716E+00  0.50622E+00  0.56349E+00  0.46538E+00  0.66531E+00
 0.140000E+03  0.17419E+00  0.37553E+00 -0.44162E+00  0.78483E-01  0.17230E+00
 0.160000E+03  0.84879E+00  0.30727E+00 -0.79081E-03  0.35904E-01  0.49505E-01
 0.180000E+03  0.12038E-05  0.62238E-06 -0.26625E-06  0.42301E-06  0.21802E-06
100.000000 10  5
 0.000000E+00          NaN          NaN          NaN          NaN          NaN
 0.200000E+02  0.40756E+00  0.32298E+00 -0.12949E+00 -0.22159E+00 -0.22410E+00
 0.400000E+02  0.89287E+00  0.59894E+00  0.31895E+00  0.15938E+00  0.19715E+00
 0.600000E+02  0.93501E+00  0.72130E+00  0.55849E+00  0.48984E+00  0.40562E+00
 0.800000E+02  0.49592E+00  0.59148E+00  0.53130E+00  0.67078E+00  0.13668E+00
 0.100000E+03  0.91218E+00  0.92383E+00  0.72542E+00  0.56755E+00  0.56310E+00
 0.120000E+03  0.84342E+00  0.78947E+00  0.75320E+00  0.86876E+00  0.37479E+00
 0.140000E+03 -0.71237E+00  0.72901E+00  0.49491E-01  0.51027E+00 -0.96397E-01
 0.160000E+03  0.34176E+00  0.19425E+00  0.78426E-01  0.36521E+00  0.34435E+00
 0.180000E+03 -0.50186E-06  0.55664E-06  0.87659E-07 -0.44724E-06  0.27174E-06
 95.000000 10  5
 0.000000E+00          NaN          NaN          NaN          NaN          NaN
 0.200000E+02  0.32199E+00  0.33925E+00 -0.12719E+00 -0.20943E+00 -0.19523E+00
 0.400000E+02  0.81703E+00  0.58930E+00  0.22486E+00  0.22427E+00  0.23492E+00
 0.600000E+02  0.85864E+00  0.73278E+00  0.43058E+00  0.60805E+00 -0.96333E-01
 0.800000E+02  0.66501E+00  0.87266E+00  0.51712E+00  0.73524E+00  0.23935E+00
 0.100000E+03  0.79484E+00  0.86553E+00  0.86933E+00  0.54370E+00  0.74252E+00
 0.120000E+03  0.70908E+00  0.90599E+00  0.82806E+00  0.87048E+00  0.56109E+00
 0.140000E+03 -0.70235E+00  0.69228E+00  0.57069E+00  0.63991E+00  0.42704E+00
 0.160000E+03 -0.15020E-02  0.61164E+00  0.33064E+00  0.35016E+00  0.19081E+00
 0.180000E+03 -0.18151E-05  0.72236E-06 -0.36078E-06 -0.49249E-06  0.33256E-06
 90.000000 10  5
 0.000000E+00          NaN          NaN          NaN          NaN          NaN
 0.200000E+02  0.25159E+00  0.34913E+00 -0.10888E+00 -0.19455E+00 -0.16235E+00
 0.400000E+02  0.75277E+00  0.57238E+00  0.19131E+00  0.29619E+00  0.16651E+00
 0.600000E+02  0.81805E+00  0.86233E+00  0.39982E+00  0.69251E+00 -0.55768E-01
 0.800000E+02  0.89195E+00  0.92259E+00  0.60815E+00  0.44925E+00  0.36212E+00
 0.100000E+03  0.62519E+00  0.77050E+00  0.79263E+00  0.60778E+00  0.57854E+00
 0.120000E+03  0.58593E+00  0.94598E+00  0.92682E+00  0.60959E+00  0.68646E+00
 0.140000E+03  0.44682E+00  0.72716E+00  0.77449E+00  0.54394E+00  0.70694E+00
 0.160000E+03 -0.56543E+00  0.44978E+00  0.18637E+00  0.18754E+00  0.29387E+00
 0.180000E+03  0.65905E-06 -0.39215E-06  0.53224E-06  0.35865E-06 -0.16101E-06
 85.000000 10  5
 0.000000E+00          NaN          NaN          NaN          NaN          NaN
 0.200000E+02  0.19294E+00  0.35043E+00 -0.87540E-01 -0.17765E+00 -0.14675E+00
 0.400000E+02  0.71135E+00  0.52259E+00  0.17843E+00  0.37065E+00 -0.13685E+00
 0.600000E+02  0.86105E+00  0.85910E+00  0.43055E+00  0.28909E+00  0.33795E-01
 0.800000E+02  0.97849E+00  0.84967E+00  0.80183E+00  0.42426E+00  0.53604E+00
 0.100000E+03  0.63183E+00  0.79547E+00  0.63202E+00  0.73310E+00  0.27746E+00
 0.120000E+03  0.71512E+00  0.88161E+00  0.91048E+00  0.63911E+00  0.77821E+00
 0.140000E+03  0.66675E+00  0.91678E+00  0.90994E+00  0.76166E+00  0.70243E+00
 0.160000E+03 -0.23578E+00  0.69022E+00  0.38776E+00  0.31475E+00  0.20249E+00
 0.180000E+03 -0.16086E-05 -0.32684E-06 -0.36611E-06  0.24530E-06  0.38302E-06
 80.000000 10  5
 0.000000E+00          NaN          NaN          NaN          NaN          NaN
 0.200000E+02  0.14316E+00  0.34005E+00 -0.68777E-01 -0.15507E+00 -0.97289E-01
 0.400000E+02  0.69781E+00  0.40164E+00  0.17410E+00  0.41403E+00 -0.34178E+00
 0.600000E+02  0.94655E+00  0.72526E+00  0.52189E+00  0.10396E+00  0.11699E+00
 0.800000E+02  0.95226E+00  0.80106E+00  0.71039E+00  0.48647E+00  0.51694E+00
 0.100000E+03  0.85957E+00  0.92044E+00  0.64424E+00  0.68530E+00  0.37100E+00
 0.120000E+03  0.76843E+00  0.87622E+00  0.79205E+00  0.75532E+00  0.40592E+00
 0.140000E+03  0.91677E+00  0.96691E+00  0.90031E+00  0.84289E+00  0.35771E+00
 0.160000E+03  0.90086E+00  0.92955E+00  0.47868E+00  0.46600E+00  0.69589E-02
 0.180000E+03 -0.41060E-06 -0.49688E-06  0.27705E-06  0.19298E-06 -0.20823E-06
 75.000000 10  5
 0.000000E+00          NaN          NaN          NaN          NaN          NaN
 0.200000E+02  0.10046E+00  0.31139E+00 -0.56730E-01 -0.12911E+00 -0.60037E-01
 0.400000E+02  0.70630E+00  0.26800E+00  0.18047E+00  0.30708E+00 -0.35139E+00
 0.600000E+02  0.95920E+00  0.62967E+00  0.62263E+00  0.15337E+00  0.20669E+00
 0.800000E+02  0.89648E+00  0.84340E+00  0.48138E+00  0.58940E+00  0.18098E-01
 0.100000E+03  0.95093E+00  0.89004E+00  0.78765E+00  0.48925E+00  0.52952E+00
 0.120000E+03  0.93383E+00  0.92271E+00  0.73375E+00  0.80690E+00  0.44696E+00
 0.140000E+03  0.88437E+00  0.95064E+00  0.83370E+00  0.87117E+00  0.48784E+00
 0.160000E+03  0.66427E+00  0.84136E+00  0.62316E+00  0.32795E+00  0.54992E+00
 0.180000E+03  0.90600E-06  0.81637E-07 -0.43520E-06  0.39893E-07 -0.46456E-07
 70.000000 10  5
 0.000000E+00          NaN          NaN          NaN          NaN          NaN
 0.200000E+02  0.62630E-01  0.25578E+00 -0.53139E-01 -0.98393E-01 -0.38931E-01
 0.400000E+02  0.71273E+00  0.21473E+00  0.19574E+00 -0.89853E-02 -0.30697E+00
 0.600000E+02  0.88551E+00  0.56951E+00  0.43518E+00  0.23220E+00  0.27999E+00
 0.800000E+02  0.89873E+00  0.92553E+00  0.46210E+00  0.57402E+00  0.61938E-01
 0.100000E+03  0.91222E+00  0.85084E+00  0.80220E+00  0.51706E+00  0.51843E+00
 0.120000E+03  0.93187E+00  0.88703E+00  0.79491E+00  0.57873E+00  0.59834E+00
 0.140000E+03  0.78496E+00  0.94956E+00  0.85708E+00  0.67878E+00  0.68032E+00
 0.160000E+03  0.31231E+00  0.89696E+00  0.62813E+00  0.34787E+00  0.43713E+00
 0.180000E+03 -0.57694E-07  0.21296E-06 -0.89969E-08 -0.23657E-06  0.77317E-07
 65.000000 10  5
 0.000000E+00          NaN          NaN          NaN          NaN          NaN
 0.200000E+02  0.27643E-01  0.16104E+00 -0.58733E-01 -0.64612E-01  0.21238E-01
 0.400000E+02  0.65444E+00  0.20158E+00  0.21646E+00 -0.26354E+00 -0.26635E+00
 0.600000E+02  0.79784E+00  0.53735E+00  0.19939E+00  0.30800E+00  0.11893E+00
 0.800000E+02  0.96182E+00  0.78706E+00  0.54140E+00  0.26188E+00  0.19412E+00
 0.100000E+03  0.85765E+00  0.91443E+00  0.56326E+00  0.62466E+00  0.12609E+00
 0.120000E+03  0.83073E+00  0.86717E+00  0.83404E+00  0.59233E+00  0.56192E+00
 0.140000E+03  0.80069E+00  0.90634E+00  0.90187E+00  0.62640E+00  0.66399E+00
 0.160000E+03  0.98445E+00  0.90673E+00  0.47758E+00  0.48095E+00 -0.19685E-01
 0.180000E+03  0.30548E-06  0.64605E-07 -0.38955E-06  0.30203E-07 -0.26330E-06
 60.000000 10  5
 0.000000E+00          NaN          NaN          NaN          NaN          NaN
 0.200000E+02 -0.61967E-02  0.20337E-01 -0.75029E-01 -0.31901E-01  0.19368E-01
 0.400000E+02  0.47182E+00  0.19076E+00  0.19111E+00 -0.33066E+00 -0.21827E+00
 0.600000E+02  0.74363E+00  0.50295E+00  0.14464E+00  0.34097E+00 -0.23608E+00
 0.800000E+02  0.96567E+00  0.64624E+00  0.58979E+00  0.25157E+00  0.30871E+00
 0.100000E+03  0.90433E+00  0.93385E+00  0.54756E+00  0.51642E+00  0.20667E+00
 0.120000E+03  0.78582E+00  0.93163E+00  0.65984E+00  0.68786E+00  0.28611E+00
 0.140000E+03  0.82877E+00  0.90519E+00  0.73692E+00  0.70045E+00  0.31728E+00
 0.160000E+03  0.87203E+00  0.87118E+00  0.44874E+00  0.34596E+00  0.41012E+00
 0.180000E+03  0.15790E-06 -0.14027E-06 -0.15432E-06 -0.33025E-06  0.20096E-07
 55.000000 10  5
 0.000000E+00          NaN          NaN          NaN          NaN          NaN
 0.200000E+02 -0.41357E-01 -0.13514E+00 -0.10099E+00 -0.63292E-02  0.29572E-01
 0.400000E+02  0.22683E+00  0.17362E+00  0.21070E-01 -0.31164E+00 -0.17589E+00
 0.600000E+02  0.72180E+00  0.37980E+00  0.17271E+00  0.15382E+00 -0.31814E+00
 0.800000E+02  0.89374E+00  0.58990E+00  0.32150E+00  0.32726E+00  0.11051E+00
 0.100000E+03  0.99202E+00  0.77107E+00  0.63059E+00  0.32840E+00  0.33127E+00
 0.120000E+03  0.89301E+00  0.93804E+00  0.67915E+00  0.55451E+00  0.36309E+00
 0.140000E+03  0.90191E+00  0.87008E+00  0.70314E+00  0.56382E+00  0.41722E+00
 0.160000E+03  0.90547E+00  0.88825E+00  0.39643E+00  0.34311E+00  0.57051E+00
 0.180000E+03 -0.15782E-06 -0.22265E-06 -0.21694E-06 -0.18681E-06 -0.61762E-06
 50.000000 10  5
 0.000000E+00          NaN          NaN          NaN          NaN          NaN
 0.200000E+02 -0.81400E-01 -0.23209E+00 -0.13419E+00  0.61077E-02  0.38792E-01
 0.400000E+02  0.35271E-01  0.14752E+00 -0.18964E+00 -0.26914E+00 -0.12437E+00
 0.600000E+02  0.66330E+00  0.22289E+00  0.23206E+00 -0.17042E+00 -0.28847E+00
 0.800000E+02  0.84311E+00  0.56096E+00  0.19886E+00  0.32892E+00 -0.24356E+00
 0.100000E+03  0.97472E+00  0.69442E+00  0.43390E+00  0.38945E+00  0.72682E-01
 0.120000E+03  0.97283E+00  0.84955E+00  0.72948E+00  0.45754E+00  0.31406E+00
 0.140000E+03  0.86774E+00  0.81508E+00  0.71440E+00  0.50902E+00  0.31936E+00
 0.160000E+03  0.96451E+00  0.87320E+00  0.29515E+00  0.37917E+00  0.34594E+00
 0.180000E+03 -0.92334E-07 -0.22590E-06 -0.36774E-06 -0.33266E-06 -0.55536E-06
 45.000000 10  5
 0.000000E+00          NaN          NaN          NaN          NaN          NaN
 0.200000E+02 -0.13335E+00 -0.24422E+00 -0.17125E+00  0.59719E-02  0.29630E-02
 0.400000E+02 -0.81592E-01  0.10471E+00 -0.30046E+00 -0.21488E+00 -0.79889E-01
 0.600000E+02  0.40971E+00  0.15063E+00  0.18828E+00 -0.22016E+00 -0.26068E+00
 0.800000E+02  0.81035E+00  0.37260E+00  0.24526E+00 -0.10222E-01 -0.20188E+00
 0.100000E+03  0.95709E+00  0.64970E+00  0.27850E+00  0.31888E+00 -0.14982E+00
 0.120000E+03  0.95978E+00  0.86047E+00  0.45982E+00  0.40069E+00 -0.89907E-01
 0.140000E+03  0.81257E+00  0.85936E+00  0.53241E+00  0.48361E+00  0.69132E-01
 0.160000E+03  0.85719E+00  0.85098E+00  0.23074E+00  0.26389E+00  0.24460E+00
 0.180000E+03 -0.18423E-06 -0.40351E-06 -0.35855E-06 -0.47458E-06 -0.81412E-06
 40.000000 10  5
 0.000000E+00          NaN          NaN          NaN          NaN          NaN
 0.200000E+02 -0.21656E+00 -0.21246E+00 -0.20636E+00 -0.88777E-02 -0.52766E-01
 0.400000E+02 -0.15882E+00  0.17753E-01 -0.34620E+00 -0.17279E+00 -0.42031E-01
 0.600000E+02  0.57267E-01  0.11451E+00 -0.17395E+00 -0.16965E+00 -0.17733E+00
 0.800000E+02  0.54740E+00  0.19250E+00  0.21566E+00 -0.13078E+00 -0.80466E-01
 0.100000E+03  0.88217E+00  0.40242E+00  0.29913E+00 -0.29866E-01 -0.44897E-01
 0.120000E+03  0.99873E+00  0.66254E+00  0.40001E+00  0.17123E-01 -0.10001E-01
 0.140000E+03  0.95530E+00  0.73436E+00  0.44116E+00  0.28761E+00  0.25443E-01
 0.160000E+03  0.86748E+00  0.75030E+00  0.12286E+00  0.13278E+00  0.29001E+00
 0.180000E+03 -0.21814E-06 -0.39622E-06 -0.37910E-06 -0.44685E-06 -0.50898E-06
 36.000000 10  5
 0.000000E+00          NaN          NaN          NaN          NaN          NaN
 0.200000E+02 -0.35179E+00 -0.17792E+00 -0.22780E+00 -0.26868E-01 -0.13961E+00
 0.400000E+02 -0.21568E+00 -0.12414E+00 -0.37137E+00 -0.13226E+00 -0.70564E-02
 0.600000E+02 -0.97718E-01  0.75050E-01 -0.35983E+00 -0.10559E+00 -0.10927E+00
 0.800000E+02  0.17407E+00  0.15660E+00 -0.11617E+00 -0.66111E-01 -0.11905E+00
 0.100000E+03  0.51198E+00  0.27929E+00  0.12247E+00 -0.59643E-01 -0.12074E+00
 0.120000E+03  0.80812E+00  0.38969E+00  0.19990E+00  0.42024E-01 -0.21687E+00
 0.140000E+03  0.97976E+00  0.60199E+00  0.17492E+00  0.27814E+00 -0.11145E+00
 0.160000E+03  0.74398E+00  0.67787E+00  0.27773E-01  0.20860E-01  0.70768E-01
 0.180000E+03 -0.18676E-06 -0.51602E-06 -0.25211E-06 -0.51097E-06 -0.36927E-06
 33.000000 10  5
 0.000000E+00          NaN          NaN          NaN          NaN          NaN
 0.200000E+02 -0.47473E+00 -0.14766E+00 -0.24308E+00 -0.42513E-01 -0.17902E+00
 0.400000E+02 -0.26546E+00 -0.22958E+00 -0.38575E+00 -0.11944E+00 -0.47728E-01
 0.600000E+02 -0.15531E+00  0.15581E-01 -0.37467E+00 -0.10439E+00 -0.16766E+00
 0.800000E+02  0.21911E-01  0.14163E+00 -0.25702E+00 -0.60273E-01 -0.31793E+00
 0.100000E+03  0.29272E+00  0.22540E+00 -0.11598E+00 -0.95955E-02 -0.35347E+00
 0.120000E+03  0.60199E+00  0.26504E+00 -0.99173E-01  0.12148E+00 -0.41055E+00
 0.140000E+03  0.95277E+00  0.48752E+00  0.15173E-01  0.15045E+00 -0.13493E+00
 0.160000E+03  0.68177E+00  0.66640E+00 -0.41887E-01 -0.43095E-01 -0.16315E+00
 0.180000E+03 -0.21515E-06 -0.35237E-06 -0.22604E-06 -0.34888E-06 -0.38162E-06
 30.000000 10  5
 0.000000E+00          NaN          NaN          NaN          NaN          NaN
 0.200000E+02  0.13180E+00 -0.11213E+00 -0.24512E+00 -0.69923E-01 -0.19807E+00
 0.400000E+02 -0.32864E+00 -0.26003E+00 -0.34288E+00 -0.11080E+00 -0.64262E-01
 0.600000E+02 -0.19244E+00 -0.11206E+00 -0.32772E+00 -0.10090E+00 -0.20149E+00
 0.800000E+02 -0.23975E-01  0.47182E-01 -0.25292E+00 -0.58706E-01 -0.36870E+00
 0.100000E+03  0.23135E+00  0.91906E-01 -0.19682E+00 -0.20825E-01 -0.34197E+00
 0.120000E+03  0.54688E+00  0.63065E-01 -0.17064E+00 -0.58417E-01 -0.31242E+00
 0.140000E+03  0.95028E+00  0.33152E+00 -0.82481E-01  0.36011E-01 -0.14221E+00
 0.160000E+03  0.79111E+00  0.60636E+00 -0.12926E+00 -0.69112E-01 -0.86696E-01
 0.180000E+03 -0.20960E-06 -0.26034E-06 -0.20289E-06 -0.18971E-06 -0.37543E-06
 26.000000 10  5
 0.000000E+00          NaN          NaN          NaN          NaN          NaN
 0.200000E+02  0.98319E-01 -0.47259E-01 -0.23993E+00 -0.10424E+00 -0.16276E+00
 0.400000E+02 -0.27154E+00 -0.23445E+00 -0.27050E+00 -0.13874E+00 -0.84402E-01
 0.600000E+02 -0.19929E+00 -0.28163E+00 -0.31063E+00 -0.16813E+00 -0.43232E-01
 0.800000E+02 -0.21522E-01 -0.24107E+00 -0.25433E+00 -0.23460E+00 -0.17082E+00
 0.100000E+03  0.20244E+00 -0.19131E+00 -0.20523E+00 -0.30096E+00 -0.84999E-01
 0.120000E+03  0.33734E+00 -0.76331E-01 -0.26326E+00 -0.29743E+00 -0.15058E+00
 0.140000E+03  0.19480E+00  0.29730E+00 -0.32480E+00  0.60336E-01 -0.21309E+00
 23.000000 10  5
 0.160000E+03  0.92765E+00  0.54203E+00 -0.16566E+00 -0.21893E+00  0.36283E+00
 0.000000E+00          NaN          NaN          NaN          NaN          NaN
 0.180000E+03 -0.16205E-06 -0.90379E-07  0.21860E-06  0.14335E-06 -0.17008E-06
 0.200000E+02  0.16290E-01  0.15831E-01 -0.22490E+00 -0.12222E+00 -0.13534E+00
 0.400000E+02  0.14143E+00 -0.19773E+00 -0.18203E+00 -0.13901E+00 -0.16208E+00
 0.600000E+02 -0.47870E-01 -0.26826E+00 -0.19837E+00 -0.17461E+00 -0.16721E+00
 0.800000E+02 -0.20313E-01 -0.26331E+00 -0.18951E+00 -0.27224E+00 -0.21208E+00
 0.100000E+03 -0.90073E-01 -0.14188E+00 -0.23101E+00 -0.30904E+00 -0.66881E-01
 0.120000E+03 -0.26894E+00  0.77235E-01 -0.31877E+00 -0.32284E+00  0.23397E-02
 0.140000E+03  0.64738E-01  0.32682E+00 -0.26547E+00  0.79626E-02 -0.13593E+00
 0.160000E+03  0.90516E+00  0.37015E+00 -0.11377E+00 -0.28742E+00  0.44888E+00
 0.180000E+03 -0.24469E-06  0.15588E-06 -0.42766E-07  0.77763E-07 -0.74184E-07
 20.000000 10  5
 0.000000E+00          NaN          NaN          NaN          NaN          NaN
 0.200000E+02 -0.41558E-01  0.56131E-01 -0.19347E+00 -0.15413E+00 -0.12027E+00
 0.400000E+02  0.17476E+00 -0.15411E+00 -0.14420E+00 -0.12630E+00 -0.14845E+00
 0.600000E+02  0.48950E+00 -0.20707E+00 -0.60418E-01 -0.95828E-01 -0.18260E+00
 0.800000E+02  0.42229E-02 -0.15648E+00 -0.98607E-01 -0.12382E+00 -0.27439E+00
 0.100000E+03 -0.60271E+00  0.48532E-02 -0.18466E+00 -0.13899E+00 -0.20171E+00
 0.120000E+03 -0.27930E+00  0.12089E+00 -0.81414E-01 -0.34821E+00  0.95143E-01
 0.140000E+03  0.38173E+00  0.55942E-01  0.12866E-01 -0.87246E-01 -0.10742E+00
 0.160000E+03 -0.29223E+00  0.22999E+00 -0.20387E+00  0.23096E+00  0.36348E+00
 0.180000E+03 -0.21228E-05 -0.17769E-05 -0.42225E-06 -0.96539E-07 -0.10949E-06
 16.000000 10  5
 0.000000E+00          NaN          NaN          NaN          NaN          NaN
 0.200000E+02 -0.79182E-01  0.65514E-01 -0.10646E+00 -0.10844E+00 -0.14542E-01
 0.400000E+02  0.54292E-01 -0.46729E-01 -0.12419E+00 -0.14232E+00 -0.18738E+00
 0.600000E+02  0.49230E+00 -0.58452E-01 -0.92201E-01 -0.18096E+00 -0.15924E+00
 0.800000E+02  0.68937E-02 -0.10300E-01 -0.23356E+00 -0.13178E+00 -0.36554E-01
 0.100000E+03 -0.34815E+00 -0.12180E+00 -0.19689E+00  0.80503E-01 -0.18431E+00
 0.120000E+03  0.34604E+00 -0.19542E+00  0.14078E+00 -0.38336E-01  0.25054E-02
 0.140000E+03 -0.28554E+00  0.61373E-01  0.73013E-01 -0.67417E-01 -0.16075E+00
 0.160000E+03  0.28921E+00  0.12897E+00 -0.24717E+00  0.44479E+00  0.35342E+00
 0.180000E+03 -0.25411E-06 -0.58829E-06 -0.51865E-06 -0.21101E-06 -0.19189E-06
 18.000000 10  5
 0.000000E+00          NaN          NaN          NaN          NaN          NaN
 0.200000E+02 -0.68218E-01  0.72552E-01 -0.15704E+00 -0.15071E+00 -0.12792E+00
 0.400000E+02  0.11118E+00 -0.11250E+00 -0.15760E+00 -0.15268E+00 -0.17485E+00
 0.600000E+02  0.57482E+00 -0.15913E+00 -0.93007E-01 -0.10065E+00 -0.11126E+00
 0.800000E+02  0.30270E-01 -0.86316E-01 -0.16082E+00 -0.70242E-01 -0.13675E+00
 0.100000E+03 -0.60174E+00 -0.62902E-02 -0.16894E+00  0.43006E-02 -0.23031E+00
 0.120000E+03 -0.43338E-01 -0.71821E-01  0.11483E+00 -0.24413E+00  0.58929E-01
 0.140000E+03  0.41060E+00 -0.66199E-01  0.11011E+00 -0.99461E-01 -0.15118E+00
 0.160000E+03 -0.24071E+00  0.27180E+00 -0.33014E+00  0.58968E+00  0.27689E+00
 0.180000E+03 -0.26162E-06 -0.74619E-06 -0.65656E-06 -0.17329E-06 -0.19015E-06
 14.000000 10  5
 0.000000E+00          NaN          NaN          NaN          NaN          NaN
 0.200000E+02 -0.64808E-01  0.33205E-01 -0.88629E-01 -0.14677E+00 -0.18007E-01
 0.400000E+02  0.33272E-02 -0.85925E-02 -0.10294E+00 -0.12920E+00 -0.10245E+00
 0.600000E+02  0.41228E+00  0.82234E-01 -0.38745E-01 -0.17140E+00 -0.22068E+00
 0.800000E+02 -0.80376E-01  0.60532E-01 -0.19573E+00 -0.20185E+00 -0.78619E-01
 0.100000E+03  0.34022E-01 -0.13760E+00 -0.18716E+00  0.10868E-01 -0.76142E-01
 0.120000E+03  0.68444E+00 -0.40772E-01 -0.61369E-01  0.88276E-01 -0.77967E-01
 0.140000E+03 -0.25252E+00  0.19727E+00  0.62746E-01 -0.79265E-01 -0.25821E-01
 0.160000E+03  0.77537E+00 -0.87840E-01  0.79547E-01  0.92368E-01  0.47748E+00
 0.180000E+03 -0.32321E-06  0.20024E-06 -0.60325E-06 -0.15317E-06 -0.12759E-06
 12.000000 10  5
 0.000000E+00          NaN          NaN          NaN          NaN          NaN
 0.200000E+02 -0.26820E-01  0.32449E-01 -0.41968E-01 -0.15065E+00 -0.15082E+00
 0.400000E+02 -0.51674E-01 -0.14582E-01 -0.12203E+00 -0.19497E+00 -0.10413E+00
 0.600000E+02  0.34619E+00  0.12938E+00 -0.63081E-01 -0.12870E+00 -0.15736E+00
 0.800000E+02 -0.10159E+00  0.81687E-01 -0.12757E+00 -0.18648E+00 -0.16047E+00
 0.100000E+03  0.26627E+00 -0.63887E-01 -0.11962E+00 -0.11981E+00 -0.36590E-01
 0.120000E+03  0.74582E-01  0.15956E+00 -0.18115E+00  0.57639E-01 -0.10779E+00
 0.140000E+03  0.44872E+00  0.15681E+00  0.83177E-01 -0.18044E+00  0.22445E+00
 0.160000E+03  0.30083E+00 -0.17425E+00  0.10883E+00 -0.95618E-01  0.27409E+00
 0.180000E+03 -0.36023E-06  0.40380E-06 -0.35473E-06 -0.61626E-07 -0.45968E-07
 10.000000 10  5
 0.000000E+00          NaN          NaN          NaN          NaN          NaN
 0.200000E+02  0.60337E-02  0.36833E-01  0.15550E-01 -0.99638E-01 -0.10971E+00
 0.400000E+02 -0.10490E+00  0.15746E-01 -0.79113E-01 -0.15587E+00 -0.23088E+00
 0.600000E+02  0.27315E+00  0.97071E-01 -0.11335E+00 -0.14646E+00 -0.14626E+00
 0.800000E+02 -0.52079E-01  0.87666E-01 -0.12414E+00 -0.17251E+00 -0.16972E+00
 0.100000E+03  0.40988E+00 -0.13468E-01 -0.95187E-01 -0.17673E+00 -0.53508E-01
 0.120000E+03 -0.36295E+00 -0.31788E-01  0.89079E-02 -0.44432E-01 -0.87565E-01
 0.140000E+03  0.85341E+00  0.31218E+00 -0.16178E-02 -0.26213E+00  0.22692E+00
 0.160000E+03 -0.56878E+00 -0.22058E+00  0.49268E-01  0.10696E+00  0.19350E+00
 0.180000E+03 -0.44245E-06  0.20530E-06  0.60739E-07 -0.51533E-07 -0.22888E-07
  7.000000 10  5
 0.000000E+00          NaN          NaN          NaN          NaN          NaN
 0.200000E+02  0.25274E-01  0.73205E-01  0.57675E-01 -0.11382E-01 -0.10960E+00
 0.400000E+02 -0.13375E+00 -0.12548E+00 -0.43422E-01  0.19346E-01 -0.16625E+00
 0.600000E+02  0.84258E+00  0.10008E+00 -0.60372E-01 -0.12297E+00 -0.42755E-01
 0.800000E+02 -0.52157E-01 -0.14333E+00  0.56581E-02 -0.12672E+00  0.26879E-01
 0.100000E+03  0.21411E+00  0.18885E+00 -0.17526E+00 -0.99935E-01 -0.10616E+00
 0.120000E+03 -0.22795E+00 -0.35196E+00  0.13527E+00 -0.16388E+00 -0.24194E+00
 0.140000E+03  0.43901E+00  0.59881E+00 -0.28657E+00 -0.24271E-01  0.26206E+00
 0.160000E+03 -0.28042E-01 -0.22093E+00  0.73189E-01  0.45812E+00  0.22350E+00
 0.180000E+03 -0.26182E-06 -0.11854E-06 -0.43194E-07 -0.94181E-07 -0.31840E-07
  8.000000 10  5
 0.000000E+00          NaN          NaN          NaN          NaN          NaN
 0.200000E+02  0.24649E-01  0.54678E-01  0.31384E-01 -0.62127E-01 -0.78141E-01
 0.400000E+02 -0.11872E+00 -0.44839E-01 -0.15221E-01 -0.37068E-01 -0.18065E+00
 0.600000E+02  0.50676E+00  0.78561E-01 -0.64945E-01 -0.97130E-01 -0.17845E+00
 0.800000E+02 -0.13792E-01 -0.28876E-01 -0.17081E-01 -0.15057E+00 -0.14670E-01
 0.100000E+03  0.57231E+00  0.82605E-01 -0.14660E+00 -0.10863E+00 -0.11201E+00
 0.120000E+03 -0.23827E+00 -0.29591E+00  0.16502E+00 -0.13993E+00 -0.14098E+00
 0.140000E+03  0.98688E+00  0.63197E+00 -0.19613E+00 -0.17445E+00  0.16147E+00
 0.160000E+03 -0.31422E+00 -0.26058E+00  0.91385E-01  0.38442E+00  0.15233E+00
 0.180000E+03 -0.48261E-06 -0.64598E-07 -0.22054E-07 -0.79433E-07 -0.17655E-07
  6.000000 10  5
 0.000000E+00          NaN          NaN          NaN          NaN          NaN
 0.200000E+02  0.10578E-01 -0.19163E-01  0.19931E-01  0.47244E-01 -0.80087E-01
 0.400000E+02 -0.18294E+00 -0.13910E+00 -0.12177E+00 -0.36660E-01 -0.17327E-01
 0.600000E+02  0.49163E+00  0.10362E+00 -0.55802E-01 -0.17659E+00  0.10577E+00
 0.800000E+02 -0.14136E+00 -0.18056E+00 -0.69445E-01 -0.12915E+00  0.12321E-01
 0.100000E+03 -0.49209E+00  0.20340E+00 -0.13421E+00 -0.11419E+00 -0.74884E-01
 0.120000E+03 -0.21268E+00 -0.30878E+00  0.37812E-01 -0.14152E+00 -0.21913E+00
 0.140000E+03  0.16426E+00  0.38332E+00 -0.33174E+00  0.42295E-01  0.23537E+00
 0.160000E+03 -0.99513E-01 -0.22264E+00 -0.45224E-01  0.40341E+00  0.27920E+00
 0.180000E+03 -0.16965E-06 -0.12042E-06 -0.44847E-07 -0.72577E-07 -0.41340E-07
  3.000000 10  5
 0.000000E+00          NaN          NaN          NaN          NaN          NaN
 0.200000E+02  0.43692E-03  0.18004E+00  0.73529E-02 -0.12172E+00  0.68053E-01
 0.400000E+02  0.32347E-01  0.12925E+00  0.52570E-01 -0.15663E+00  0.13881E+00
 0.600000E+02  0.60606E-01  0.13698E+00  0.10482E+00 -0.13587E+00  0.20129E+00
 0.800000E+02  0.14136E+00  0.14267E+00  0.24245E+00 -0.12999E+00  0.24696E+00
 0.100000E+03  0.10712E+00 -0.19544E+00  0.19121E+00 -0.14133E+00  0.30173E+00
 0.120000E+03 -0.87283E+00  0.37611E+00 -0.58311E-01 -0.19209E+00  0.29402E+00
 0.140000E+03  0.87184E+00  0.13962E-01 -0.30011E+00 -0.61671E-01  0.19786E+00
 0.160000E+03  0.43517E+00 -0.51696E+00  0.23453E+00  0.37262E+00  0.89416E-01
 0.180000E+03 -0.57261E-07  0.11186E-06 -0.18421E-06 -0.84135E-07 -0.11190E-07
  4.000000 10  5
 0.000000E+00          NaN          NaN          NaN          NaN          NaN
 0.200000E+02 -0.36812E-01 -0.25496E-01 -0.22171E+00 -0.13366E+00  0.43322E-01
 0.400000E+02 -0.88762E-01  0.14130E+00 -0.19938E+00 -0.24096E+00  0.43447E-01
 0.600000E+02  0.10278E+00  0.15182E-02 -0.57161E-01 -0.21876E+00  0.41202E-01
 0.800000E+02  0.29609E-02  0.52928E-01 -0.85754E-01 -0.13631E+00  0.46590E-01
 0.100000E+03 -0.12528E+00 -0.65540E-01  0.10389E+00 -0.10690E+00  0.70886E-01
 0.120000E+03  0.33336E+00  0.10237E+00 -0.73063E-01 -0.82112E-01  0.76119E-01
 0.140000E+03  0.28812E+00  0.64482E-01 -0.37903E+00  0.16798E+00  0.35359E-01
 0.160000E+03  0.11121E+00 -0.61360E+00  0.20230E+00  0.23748E+00  0.28576E-02
 0.180000E+03 -0.36102E-07 -0.35287E-07 -0.13542E-06 -0.34495E-07 -0.10279E-09
  5.000000 10  5
 0.000000E+00          NaN          NaN          NaN          NaN          NaN
 0.200000E+02 -0.19357E-01 -0.13152E+00 -0.12696E+00 -0.42750E-01  0.12810E+00
 0.400000E+02 -0.17060E+00 -0.21939E-01 -0.20039E+00 -0.18545E+00  0.17887E+00
 0.600000E+02  0.25646E+00  0.40045E-01 -0.78232E-01 -0.23351E+00  0.66295E-01
 0.800000E+02 -0.16524E+00 -0.10467E+00 -0.14430E+00 -0.16160E+00  0.10312E-03
 0.100000E+03 -0.47610E+00  0.75870E-01 -0.25128E-01 -0.12319E+00 -0.14987E-01
 0.120000E+03 -0.67455E-01 -0.18160E+00 -0.52856E-01 -0.79871E-01 -0.82393E-01
 0.140000E+03  0.14460E+00  0.17025E+00 -0.34577E+00  0.65121E-01 -0.43065E-01
 0.160000E+03 -0.49339E+00 -0.41539E+00 -0.86277E-01  0.22238E+00  0.15593E+00
 0.180000E+03 -0.66817E-07 -0.83562E-07 -0.65542E-07 -0.36639E-07 -0.29086E-07
  1.000000 10  5
 0.000000E+00          NaN          NaN          NaN          NaN          NaN
 0.200000E+02  0.72254E-01 -0.57670E-01  0.15628E+00  0.30738E-01 -0.91291E-02
 0.400000E+02  0.15171E+00 -0.11818E+00  0.24845E+00  0.43675E-01 -0.49232E-01
 0.600000E+02  0.21105E+00 -0.10501E+00  0.25311E+00  0.31855E-01 -0.64665E-01
 0.800000E+02 -0.40510E-01 -0.55840E-01  0.18247E+00  0.73745E-02  0.10353E+00
 0.100000E+03 -0.18729E+00  0.30463E-01  0.73130E-01  0.38158E-01  0.42183E+00
 0.120000E+03 -0.23295E+00  0.10827E+00 -0.16750E-01  0.15148E+00  0.56375E+00
 0.140000E+03 -0.32456E+00  0.39757E-01 -0.39411E-01  0.16137E+00  0.47341E+00
 0.160000E+03 -0.68358E+00 -0.78440E-02 -0.41478E-02  0.99121E-01  0.26185E+00
 0.180000E+03 -0.51568E-07  0.14839E-08 -0.43774E-08 -0.14170E-07 -0.35888E-07
  1.300000 10  5
 0.000000E+00          NaN          NaN          NaN          NaN          NaN
 0.200000E+02  0.84188E-01 -0.67420E-02  0.16842E+00  0.30975E-01  0.12858E+00
 0.400000E+02  0.17570E+00 -0.81711E-01  0.26852E+00  0.41945E-01  0.18158E+00
 0.600000E+02  0.24884E+00 -0.75419E-01  0.27632E+00  0.27143E-01  0.16144E+00
 0.800000E+02 -0.71053E-01 -0.87240E-01  0.20735E+00 -0.49206E-03  0.25921E+00
 0.100000E+03 -0.11087E+00 -0.65394E-01  0.11372E+00  0.15251E-01  0.53458E+00
 0.120000E+03 -0.22935E+00  0.67659E-01  0.57131E-01  0.11071E+00  0.61468E+00
 0.140000E+03 -0.61294E+00  0.94722E-01  0.72799E-01  0.12243E+00  0.46768E+00
 0.160000E+03  0.17386E-01  0.41794E-01  0.14311E+00  0.72528E-01  0.24079E+00
 0.180000E+03 -0.19069E-07 -0.54459E-08 -0.45147E-07 -0.10139E-07 -0.32095E-07
  1.500000 10  5
 0.000000E+00          NaN          NaN          NaN          NaN          NaN
 0.200000E+02  0.86542E-01 -0.39469E-01  0.15355E+00  0.33218E-01  0.20028E+00
 0.400000E+02  0.18341E+00 -0.56892E-01  0.25242E+00  0.42980E-01  0.31789E+00
 0.600000E+02  0.28894E+00 -0.27941E-01  0.27518E+00  0.21889E-01  0.33323E+00
 0.800000E+02  0.21259E-01 -0.84578E-01  0.21936E+00 -0.20455E-01  0.38906E+00
 0.100000E+03 -0.33844E-01 -0.12458E+00  0.13409E+00 -0.30249E-01  0.59110E+00
 0.120000E+03 -0.23827E+00  0.69090E-01  0.86223E-01  0.57847E-01  0.61823E+00
 0.140000E+03 -0.80077E+00  0.13171E+00  0.11291E+00  0.74770E-01  0.46361E+00
 0.160000E+03  0.14714E+00  0.66114E-01  0.19619E+00  0.35827E-01  0.24427E+00
 0.180000E+03 -0.23462E-07 -0.88655E-08 -0.58944E-07 -0.42234E-08 -0.33037E-07
  2.000000 10  5
 0.000000E+00          NaN          NaN          NaN          NaN          NaN
 0.200000E+02  0.67946E-01 -0.54096E-02  0.12685E+00  0.22176E-02  0.24378E+00
 0.400000E+02  0.15931E+00 -0.18803E-01  0.20251E+00 -0.62671E-02  0.40890E+00
 0.600000E+02  0.26168E+00  0.10221E+00  0.26615E+00 -0.36746E-01  0.47623E+00
 0.800000E+02  0.18785E+00  0.12800E-02  0.25389E+00 -0.90641E-01  0.52192E+00
 0.100000E+03  0.10729E+00 -0.20078E+00  0.15607E+00 -0.13164E+00  0.61206E+00
 0.120000E+03 -0.33412E+00  0.13063E+00  0.60762E-01 -0.92741E-01  0.54668E+00
 0.140000E+03  0.36108E-01  0.12225E+00  0.13289E-01 -0.97238E-01  0.38337E+00
 0.160000E+03  0.31157E+00 -0.32665E-01  0.55062E-01 -0.12041E+00  0.19850E+00
 0.180000E+03 -0.38927E-07  0.54634E-08 -0.20876E-07  0.24431E-07 -0.26809E-07
  0.400000 10  4
 0.000000E+00          NaN          NaN          NaN          NaN
 0.200000E+02  0.44724E-01 -0.19189E-01  0.76298E-01  0.28349E-01
 0.400000E+02  0.91916E-01 -0.19881E-01  0.14425E+00  0.46917E-01
 0.600000E+02  0.13803E+00  0.56723E-02  0.18980E+00  0.35694E-01
 0.800000E+02  0.16545E+00  0.53581E-01  0.18494E+00 -0.60125E-01
 0.100000E+03  0.15111E+00  0.11596E+00  0.93092E-01 -0.24751E+00
 0.120000E+03  0.10467E+00  0.17660E+00 -0.68289E-01 -0.29354E+00
 0.140000E+03  0.60937E-01  0.15782E+00 -0.19181E+00 -0.19927E+00
 0.160000E+03  0.29546E-01  0.33894E-01 -0.17830E+00 -0.90547E-01
 0.180000E+03 -0.40077E-08 -0.85296E-09  0.29529E-07  0.11383E-07
  0.100000 10  2
 0.000000E+00          NaN          NaN
 0.200000E+02  0.18906E-01  0.17694E-01
 0.400000E+02  0.36713E-01  0.34608E-01
 0.600000E+02  0.51988E-01  0.49007E-01
 0.800000E+02  0.62797E-01  0.56983E-01
 0.100000E+03  0.66891E-01  0.51211E-01
 0.120000E+03  0.62342E-01  0.23669E-01
 0.140000E+03  0.48466E-01 -0.16771E-01
 0.160000E+03  0.26566E-01 -0.30201E-01
 0.180000E+03 -0.36418E-08  0.53565E-08
  0.200000 10  3
 0.000000E+00          NaN          NaN          NaN
 0.200000E+02  0.30828E-01  0.85735E-02  0.56927E-01
 0.400000E+02  0.61245E-01  0.20904E-01  0.10738E+00
 0.600000E+02  0.89468E-01  0.38420E-01  0.13889E+00
 0.800000E+02  0.11138E+00  0.59156E-01  0.12547E+00
 0.100000E+03  0.12106E+00  0.76041E-01  0.39375E-01
 0.120000E+03  0.11358E+00  0.72175E-01 -0.79718E-01
 0.140000E+03  0.88045E-01  0.28964E-01 -0.13197E+00
 0.160000E+03  0.48022E-01 -0.13322E-01 -0.92036E-01
 0.180000E+03 -0.65692E-08  0.37923E-08  0.13410E-07
  0.700000 10  5
 0.000000E+00          NaN          NaN          NaN          NaN          NaN
 0.200000E+02  0.58658E-01 -0.58889E-01  0.11807E+00  0.36530E-01 -0.17961E+00
 0.400000E+02  0.12385E+00 -0.89346E-01  0.19724E+00  0.55972E-01 -0.19765E+00
 0.600000E+02  0.18190E+00 -0.65805E-01  0.21713E+00  0.47684E-01 -0.75700E-01
 0.800000E+02  0.12435E+00  0.22794E-02  0.16962E+00  0.20738E-01  0.13107E+00
 0.100000E+03 -0.56823E-01  0.10223E+00  0.54525E-01  0.59592E-01  0.34142E+00
 0.120000E+03 -0.15015E+00  0.19425E+00 -0.84221E-01  0.19067E+00  0.46019E+00
 0.140000E+03 -0.15569E+00  0.10083E+00 -0.16021E+00  0.20057E+00  0.43856E+00
 0.160000E+03 -0.89820E-01 -0.15317E-01 -0.13767E+00  0.12000E+00  0.27017E+00
 0.180000E+03  0.10652E-07  0.39142E-08  0.23602E-07 -0.16872E-07 -0.38533E-07
  0.040000 10  1
 0.000000E+00          NaN
 0.200000E+02  0.83822E-02
 0.400000E+02  0.15978E-01
 0.600000E+02  0.22000E-01
 0.800000E+02  0.25693E-01
 0.100000E+03  0.26429E-01
 0.120000E+03  0.23865E-01
 0.140000E+03  0.18099E-01
 0.160000E+03  0.97662E-02
 0.180000E+03 -0.13317E-08
  0.020000 10  1
 0.000000E+00          NaN
 0.200000E+02  0.41877E-02
 0.400000E+02  0.79247E-02
 0.600000E+02  0.10790E-01
 0.800000E+02  0.12429E-01
 0.100000E+03  0.12600E-01
 0.120000E+03  0.11223E-01
 0.140000E+03  0.84176E-02
 0.160000E+03  0.45094E-02
 0.180000E+03 -0.61334E-09
  0.070000 10  2
 0.000000E+00          NaN          NaN
 0.200000E+02  0.14038E-01  0.20524E-01
 0.400000E+02  0.27026E-01  0.39407E-01
 0.600000E+02  0.37781E-01  0.54170E-01
 0.800000E+02  0.44945E-01  0.60461E-01
 0.100000E+03  0.47142E-01  0.51456E-01
 0.120000E+03  0.43343E-01  0.21757E-01
 0.140000E+03  0.33350E-01 -0.17015E-01
 0.160000E+03  0.18164E-01 -0.28738E-01
 0.180000E+03 -0.24847E-08  0.50696E-08
  0.010000 10  1
 0.000000E+00          NaN
 0.200000E+02  0.20327E-02
 0.400000E+02  0.38326E-02
 0.600000E+02  0.51891E-02
 0.800000E+02  0.59365E-02
 0.100000E+03  0.59746E-02
 0.120000E+03  0.52855E-02
 0.140000E+03  0.39422E-02
 0.160000E+03  0.21043E-02
 0.180000E+03 -0.28585E-09
  0.005000 10  1
 0.000000E+00          NaN
 0.200000E+02  0.98001E-03
 0.400000E+02  0.18446E-02
 0.600000E+02  0.24909E-02
 0.800000E+02  0.28404E-02
 0.100000E+03  0.28489E-02
 0.120000E+03  0.25122E-02
 0.140000E+03  0.18689E-02
 0.160000E+03  0.99587E-03
 0.180000E+03 -0.13520E-09
  0.001000 10  1
 0.000000E+00          NaN
 0.200000E+02  0.18307E-03
 0.400000E+02  0.34414E-03
 0.600000E+02  0.46384E-03
 0.800000E+02  0.52771E-03
 0.100000E+03  0.52799E-03
 0.120000E+03  0.46453E-03
 0.140000E+03  0.34492E-03
 0.160000E+03  0.18357E-03
 0.180000E+03 -0.24912E-10
