


 NEUTRON ENERGY =150.000000
       0.000     0.910E+02  0.175E+00  0.756E-03  0.240E-04  0.969E-06
      20.000     0.360E-01  0.836E-02  0.171E-02  0.885E-04  0.637E-06
      40.000     0.793E-03  0.191E-03  0.475E-04  0.205E-04  0.155E-06
      60.000     0.274E-04  0.685E-05  0.934E-06  0.116E-05  0.272E-06
      80.000     0.785E-06  0.157E-06  0.154E-06  0.562E-07  0.452E-07
     100.000     0.213E-06  0.351E-07  0.401E-08  0.396E-08  0.218E-08
     120.000     0.636E-08  0.681E-08  0.331E-08  0.637E-09  0.369E-09
     140.000     0.946E-07  0.834E-08  0.305E-08  0.730E-09  0.229E-09
     160.000     0.107E-06  0.101E-07  0.439E-08  0.969E-09  0.175E-09
     180.000     0.519E-06  0.738E-07  0.151E-07  0.190E-08  0.163E-09



 NEUTRON ENERGY =160.000000
       0.000     0.907E+02  0.158E+00  0.654E-03  0.194E-04  0.846E-06
      20.000     0.431E-01  0.338E-02  0.198E-02  0.125E-03  0.544E-06
      40.000     0.716E-03  0.242E-03  0.730E-05  0.215E-04  0.800E-06
      60.000     0.241E-04  0.249E-05  0.187E-05  0.120E-06  0.343E-06
      80.000     0.663E-06  0.295E-07  0.114E-06  0.151E-07  0.302E-07
     100.000     0.225E-06  0.112E-07  0.420E-08  0.106E-08  0.268E-08
     120.000     0.151E-07  0.419E-08  0.279E-08  0.101E-08  0.102E-09
     140.000     0.117E-06  0.934E-08  0.272E-08  0.528E-09  0.143E-09
     160.000     0.108E-07  0.823E-08  0.413E-08  0.119E-08  0.122E-09
     180.000     0.256E-06  0.232E-07  0.181E-07  0.144E-08  0.208E-09



 NEUTRON ENERGY =180.000000
       0.000     0.899E+02  0.133E+00  0.523E-03  0.134E-04  0.665E-06
      20.000     0.473E-01  0.122E-02  0.189E-02  0.203E-03  0.897E-06
      40.000     0.467E-03  0.955E-04  0.157E-04  0.509E-05  0.238E-05
      60.000     0.332E-05  0.728E-06  0.221E-06  0.456E-06  0.132E-07
      80.000     0.206E-07  0.304E-07  0.262E-07  0.274E-07  0.639E-08
     100.000     0.119E-06  0.162E-07  0.419E-08  0.573E-09  0.446E-09
     120.000     0.215E-07  0.362E-08  0.220E-08  0.653E-09  0.119E-09
     140.000     0.118E-06  0.266E-08  0.244E-08  0.498E-09  0.728E-10
     160.000     0.212E-06  0.254E-08  0.308E-08  0.801E-09  0.756E-10
     180.000     0.907E-06  0.199E-07  0.155E-07  0.227E-08  0.176E-09



 NEUTRON ENERGY =200.000000
       0.000     0.897E+02  0.116E+00  0.462E-03  0.955E-05  0.579E-06
      20.000     0.409E-01  0.423E-02  0.120E-02  0.247E-03  0.209E-05
      40.000     0.125E-03  0.679E-05  0.181E-04  0.121E-05  0.934E-06
      60.000     0.402E-05  0.570E-06  0.299E-06  0.939E-07  0.104E-06
      80.000     0.173E-06  0.989E-08  0.122E-07  0.867E-08  0.582E-08
     100.000     0.123E-06  0.201E-07  0.127E-07  0.109E-08  0.270E-09
     120.000     0.377E-08  0.677E-08  0.423E-08  0.797E-09  0.134E-09
     140.000     0.123E-06  0.134E-07  0.572E-08  0.842E-09  0.755E-10
     160.000     0.129E-07  0.201E-07  0.785E-08  0.151E-08  0.121E-09
     180.000     0.335E-06  0.955E-07  0.311E-07  0.386E-08  0.296E-09



 NEUTRON ENERGY =115.000000
       0.000     0.893E+02  0.263E+00  0.155E-02  0.590E-04  0.174E-05
      20.000     0.814E-01  0.454E-01  0.531E-03  0.508E-04  0.132E-05
      40.000     0.190E-02  0.146E-02  0.967E-04  0.440E-04  0.691E-05
      60.000     0.113E-03  0.504E-04  0.109E-04  0.335E-05  0.135E-05
      80.000     0.672E-05  0.383E-05  0.813E-06  0.533E-06  0.174E-06
     100.000     0.146E-06  0.176E-06  0.596E-07  0.913E-07  0.915E-08
     120.000     0.600E-07  0.199E-07  0.119E-07  0.323E-08  0.455E-08
     140.000     0.288E-07  0.725E-08  0.394E-08  0.198E-08  0.525E-09
     160.000     0.508E-07  0.139E-07  0.666E-08  0.184E-08  0.633E-09
     180.000     0.114E-06  0.657E-07  0.251E-07  0.335E-08  0.451E-09



 NEUTRON ENERGY =130.000000
       0.000     0.911E+02  0.220E+00  0.109E-02  0.394E-04  0.133E-05
      20.000     0.308E-01  0.273E-01  0.829E-03  0.474E-04  0.105E-05
      40.000     0.927E-03  0.137E-03  0.167E-03  0.380E-05  0.390E-05
      60.000     0.252E-04  0.531E-05  0.672E-05  0.109E-05  0.384E-06
      80.000     0.127E-05  0.294E-06  0.456E-06  0.141E-06  0.627E-07
     100.000     0.748E-07  0.445E-07  0.365E-07  0.572E-08  0.172E-07
     120.000     0.171E-07  0.392E-08  0.240E-08  0.149E-08  0.602E-09
     140.000     0.160E-06  0.703E-08  0.323E-08  0.852E-09  0.337E-09
     160.000     0.884E-07  0.778E-08  0.396E-08  0.960E-09  0.320E-09
     180.000     0.390E-06  0.461E-07  0.147E-07  0.179E-08  0.374E-09



 NEUTRON ENERGY =100.000000
       0.000     0.844E+02  0.310E+00  0.230E-02  0.884E-04  0.218E-05
      20.000     0.252E+00  0.584E-01  0.118E-02  0.732E-04  0.156E-05
      40.000     0.712E-02  0.349E-02  0.185E-03  0.120E-03  0.416E-05
      60.000     0.344E-03  0.150E-03  0.193E-04  0.135E-04  0.343E-06
      80.000     0.145E-04  0.644E-05  0.372E-05  0.849E-06  0.256E-06
     100.000     0.225E-05  0.135E-05  0.595E-06  0.159E-06  0.109E-06
     120.000     0.669E-08  0.844E-07  0.544E-07  0.242E-07  0.138E-07
     140.000     0.336E-07  0.316E-07  0.141E-07  0.565E-08  0.220E-08
     160.000     0.701E-07  0.114E-07  0.113E-07  0.408E-08  0.129E-08
     180.000     0.789E-07  0.601E-07  0.308E-07  0.898E-08  0.105E-08



 NEUTRON ENERGY = 95.000000
       0.000     0.817E+02  0.323E+00  0.264E-02  0.997E-04  0.220E-05
      20.000     0.346E+00  0.598E-01  0.164E-02  0.819E-04  0.169E-05
      40.000     0.104E-01  0.365E-02  0.379E-03  0.129E-03  0.274E-05
      60.000     0.435E-03  0.131E-03  0.508E-04  0.112E-04  0.895E-06
      80.000     0.247E-04  0.111E-04  0.674E-05  0.585E-06  0.632E-06
     100.000     0.360E-05  0.286E-05  0.571E-06  0.437E-06  0.799E-07
     120.000     0.130E-06  0.184E-06  0.134E-06  0.274E-07  0.359E-07
     140.000     0.311E-07  0.447E-07  0.145E-07  0.699E-08  0.400E-08
     160.000     0.175E-07  0.115E-07  0.772E-08  0.427E-08  0.955E-09
     180.000     0.165E-07  0.285E-07  0.134E-07  0.385E-08  0.680E-09



 NEUTRON ENERGY = 85.000000
       0.000     0.746E+02  0.341E+00  0.350E-02  0.123E-03  0.219E-05
      20.000     0.593E+00  0.571E-01  0.282E-02  0.963E-04  0.211E-05
      40.000     0.181E-01  0.291E-02  0.973E-03  0.104E-03  0.153E-05
      60.000     0.660E-03  0.243E-03  0.121E-03  0.848E-05  0.433E-05
      80.000     0.896E-04  0.605E-04  0.680E-05  0.471E-05  0.722E-06
     100.000     0.568E-05  0.595E-05  0.222E-05  0.610E-06  0.204E-06
     120.000     0.116E-05  0.151E-05  0.335E-06  0.239E-06  0.355E-07
     140.000     0.193E-06  0.231E-06  0.809E-07  0.361E-07  0.991E-08
     160.000     0.944E-08  0.404E-07  0.400E-07  0.111E-07  0.722E-08
     180.000     0.815E-07  0.686E-07  0.412E-07  0.131E-07  0.323E-08



 NEUTRON ENERGY = 90.000000
       0.000     0.785E+02  0.334E+00  0.304E-02  0.111E-03  0.224E-05
      20.000     0.461E+00  0.595E-01  0.220E-02  0.894E-04  0.187E-05
      40.000     0.142E-01  0.338E-02  0.659E-03  0.123E-03  0.175E-05
      60.000     0.529E-03  0.125E-03  0.921E-04  0.728E-05  0.241E-05
      80.000     0.479E-04  0.289E-04  0.798E-05  0.168E-05  0.883E-06
     100.000     0.450E-05  0.447E-05  0.797E-06  0.680E-06  0.636E-07
     120.000     0.518E-06  0.648E-06  0.249E-06  0.922E-07  0.458E-07
     140.000     0.807E-07  0.726E-07  0.377E-07  0.985E-08  0.906E-08
     160.000     0.497E-08  0.144E-07  0.159E-07  0.608E-08  0.398E-08
     180.000     0.398E-07  0.408E-07  0.315E-07  0.205E-08  0.192E-08



 NEUTRON ENERGY = 80.000000
       0.000     0.700E+02  0.342E+00  0.403E-02  0.132E-03  0.207E-05
      20.000     0.737E+00  0.529E-01  0.347E-02  0.103E-03  0.243E-05
      40.000     0.214E-01  0.283E-02  0.124E-02  0.803E-04  0.219E-05
      60.000     0.928E-03  0.615E-03  0.120E-03  0.218E-04  0.560E-05
      80.000     0.147E-03  0.902E-04  0.101E-04  0.773E-05  0.438E-06
     100.000     0.121E-04  0.112E-04  0.430E-05  0.680E-06  0.464E-06
     120.000     0.159E-05  0.259E-05  0.738E-06  0.343E-06  0.806E-07
     140.000     0.263E-06  0.604E-06  0.146E-06  0.837E-07  0.163E-07
     160.000     0.427E-07  0.118E-06  0.507E-07  0.286E-07  0.671E-08
     180.000     0.165E-06  0.733E-07  0.212E-07  0.164E-07  0.328E-08



 NEUTRON ENERGY = 75.000000
       0.000     0.648E+02  0.334E+00  0.461E-02  0.139E-03  0.177E-05
      20.000     0.884E+00  0.472E-01  0.411E-02  0.109E-03  0.288E-05
      40.000     0.238E-01  0.395E-02  0.135E-02  0.642E-04  0.346E-05
      60.000     0.151E-02  0.126E-02  0.102E-03  0.475E-04  0.538E-05
      80.000     0.216E-03  0.101E-03  0.278E-04  0.766E-05  0.922E-06
     100.000     0.284E-04  0.270E-04  0.515E-05  0.196E-05  0.524E-06
     120.000     0.246E-05  0.499E-05  0.189E-05  0.405E-06  0.242E-06
     140.000     0.295E-06  0.108E-05  0.403E-06  0.127E-06  0.696E-07
     160.000     0.962E-07  0.335E-06  0.157E-06  0.568E-07  0.160E-07
     180.000     0.161E-06  0.166E-06  0.102E-06  0.146E-07  0.357E-07



 NEUTRON ENERGY = 70.000000
       0.000     0.591E+02  0.316E+00  0.521E-02  0.139E-03  0.140E-05
      20.000     0.102E+01  0.406E-01  0.468E-02  0.115E-03  0.344E-05
      40.000     0.255E-01  0.709E-02  0.128E-02  0.661E-04  0.495E-05
      60.000     0.264E-02  0.194E-02  0.131E-03  0.739E-04  0.396E-05
      80.000     0.294E-03  0.134E-03  0.569E-04  0.633E-05  0.246E-05
     100.000     0.574E-04  0.498E-04  0.653E-05  0.400E-05  0.379E-06
     120.000     0.732E-05  0.122E-04  0.317E-05  0.102E-05  0.338E-06
     140.000     0.560E-06  0.274E-05  0.102E-05  0.312E-06  0.147E-06
     160.000     0.185E-06  0.928E-06  0.456E-06  0.130E-06  0.378E-07
     180.000     0.209E-07  0.450E-06  0.228E-06  0.123E-06  0.998E-08



 NEUTRON ENERGY = 60.000000
       0.000     0.469E+02  0.241E+00  0.641E-02  0.111E-03  0.517E-06
      20.000     0.116E+01  0.296E-01  0.548E-02  0.139E-03  0.475E-05
      40.000     0.349E-01  0.192E-01  0.810E-03  0.134E-03  0.701E-05
      60.000     0.664E-02  0.222E-02  0.524E-03  0.733E-04  0.400E-05
      80.000     0.743E-03  0.681E-03  0.738E-04  0.313E-04  0.352E-05
     100.000     0.143E-03  0.107E-03  0.322E-04  0.494E-05  0.191E-05
     120.000     0.361E-04  0.419E-04  0.102E-04  0.280E-05  0.652E-06
     140.000     0.786E-05  0.172E-04  0.462E-05  0.162E-05  0.428E-06
     160.000     0.176E-05  0.705E-05  0.327E-05  0.793E-06  0.225E-06
     180.000     0.129E-05  0.224E-05  0.195E-05  0.377E-06  0.238E-06



 NEUTRON ENERGY = 65.000000
       0.000     0.530E+02  0.285E+00  0.585E-02  0.130E-03  0.963E-06
      20.000     0.112E+01  0.343E-01  0.515E-02  0.125E-03  0.407E-05
      40.000     0.280E-01  0.125E-01  0.104E-02  0.909E-04  0.625E-05
      60.000     0.444E-02  0.228E-02  0.277E-03  0.843E-04  0.293E-05
      80.000     0.428E-03  0.309E-03  0.744E-04  0.128E-04  0.381E-05
     100.000     0.955E-04  0.668E-04  0.158E-04  0.442E-05  0.792E-06
     120.000     0.192E-04  0.260E-04  0.454E-05  0.228E-05  0.292E-06
     140.000     0.296E-05  0.784E-05  0.192E-05  0.958E-06  0.169E-06
     160.000     0.516E-06  0.281E-05  0.114E-05  0.382E-06  0.690E-07
     180.000     0.516E-06  0.124E-05  0.424E-06  0.238E-06  0.855E-07



 NEUTRON ENERGY = 55.000000
       0.000     0.411E+02  0.184E+00  0.685E-02  0.827E-04  0.427E-06
      20.000     0.111E+01  0.284E-01  0.565E-02  0.160E-03  0.538E-05
      40.000     0.508E-01  0.251E-01  0.777E-03  0.180E-03  0.735E-05
      60.000     0.855E-02  0.257E-02  0.722E-03  0.612E-04  0.679E-05
      80.000     0.138E-02  0.104E-02  0.117E-03  0.467E-04  0.297E-05
     100.000     0.241E-03  0.249E-03  0.398E-04  0.128E-04  0.231E-05
     120.000     0.605E-04  0.765E-04  0.194E-04  0.418E-05  0.137E-05
     140.000     0.143E-04  0.367E-04  0.111E-04  0.274E-05  0.110E-05
     160.000     0.284E-05  0.177E-04  0.915E-05  0.194E-05  0.485E-06
     180.000     0.751E-05  0.976E-05  0.274E-05  0.180E-05  0.405E-07



 NEUTRON ENERGY = 36.000000
       0.000     0.297E+02  0.168E-02  0.655E-02  0.134E-03  0.127E-04
      20.000     0.141E+00  0.618E-01  0.526E-02  0.307E-03  0.869E-05
      40.000     0.145E+00  0.136E-01  0.212E-02  0.224E-03  0.117E-04
      60.000     0.311E-01  0.107E-01  0.902E-03  0.156E-03  0.771E-05
      80.000     0.614E-02  0.487E-02  0.367E-03  0.110E-03  0.701E-05
     100.000     0.151E-02  0.179E-02  0.186E-03  0.653E-04  0.699E-05
     120.000     0.461E-03  0.740E-03  0.103E-03  0.378E-04  0.618E-05
     140.000     0.187E-03  0.424E-03  0.923E-04  0.358E-04  0.842E-05
     160.000     0.181E-03  0.505E-03  0.174E-03  0.292E-04  0.453E-05
     180.000     0.604E-03  0.141E-03  0.960E-04  0.206E-04  0.115E-04



 NEUTRON ENERGY = 40.000000
       0.000     0.303E+02  0.122E-01  0.675E-02  0.513E-04  0.696E-05
      20.000     0.367E+00  0.529E-01  0.529E-02  0.273E-03  0.719E-05
      40.000     0.145E+00  0.173E-01  0.204E-02  0.226E-03  0.969E-05
      60.000     0.201E-01  0.114E-01  0.603E-03  0.167E-03  0.759E-05
      80.000     0.375E-02  0.346E-02  0.339E-03  0.854E-04  0.792E-05
     100.000     0.101E-02  0.100E-02  0.186E-03  0.381E-04  0.652E-05
     120.000     0.337E-03  0.391E-03  0.892E-04  0.214E-04  0.462E-05
     140.000     0.134E-03  0.254E-03  0.676E-04  0.198E-04  0.581E-05
     160.000     0.703E-04  0.282E-03  0.111E-03  0.195E-04  0.379E-05
     180.000     0.314E-03  0.101E-03  0.497E-04  0.133E-04  0.509E-05



 NEUTRON ENERGY = 45.000000
       0.000     0.324E+02  0.572E-01  0.705E-02  0.300E-04  0.328E-05
      20.000     0.691E+00  0.408E-01  0.549E-02  0.229E-03  0.630E-05
      40.000     0.116E+00  0.240E-01  0.160E-02  0.227E-03  0.829E-05
      60.000     0.122E-01  0.857E-02  0.549E-03  0.129E-03  0.916E-05
      80.000     0.292E-02  0.166E-02  0.371E-03  0.478E-04  0.808E-05
     100.000     0.793E-03  0.557E-03  0.130E-03  0.239E-04  0.438E-05
     120.000     0.250E-03  0.244E-03  0.499E-04  0.134E-04  0.255E-05
     140.000     0.978E-04  0.149E-03  0.377E-04  0.110E-04  0.290E-05
     160.000     0.353E-04  0.117E-03  0.556E-04  0.871E-05  0.262E-05
     180.000     0.905E-04  0.464E-04  0.206E-04  0.760E-05  0.719E-06



 NEUTRON ENERGY = 50.000000
       0.000     0.361E+02  0.120E+00  0.708E-02  0.504E-04  0.109E-05
      20.000     0.957E+00  0.320E-01  0.564E-02  0.191E-03  0.589E-05
      40.000     0.789E-01  0.272E-01  0.107E-02  0.215E-03  0.754E-05
      60.000     0.982E-02  0.467E-02  0.703E-03  0.789E-04  0.917E-05
      80.000     0.224E-02  0.116E-02  0.255E-03  0.440E-04  0.497E-05
     100.000     0.475E-03  0.440E-03  0.568E-04  0.230E-04  0.227E-05
     120.000     0.125E-03  0.163E-03  0.250E-04  0.990E-05  0.148E-05
     140.000     0.386E-04  0.856E-04  0.189E-04  0.673E-05  0.160E-05
     160.000     0.110E-04  0.502E-04  0.216E-04  0.531E-05  0.739E-06
     180.000     0.359E-04  0.192E-04  0.972E-05  0.170E-05  0.672E-06



 NEUTRON ENERGY = 23.000000
       0.000     0.270E+02  0.151E+00  0.935E-02  0.868E-03  0.334E-04
      20.000     0.417E+00  0.620E-01  0.689E-02  0.537E-03  0.370E-04
      40.000     0.479E-01  0.328E-01  0.221E-02  0.415E-03  0.368E-04
      60.000     0.198E-01  0.131E-01  0.104E-02  0.239E-03  0.263E-04
      80.000     0.812E-02  0.629E-02  0.654E-03  0.188E-03  0.268E-04
     100.000     0.296E-02  0.362E-02  0.493E-03  0.148E-03  0.207E-04
     120.000     0.149E-02  0.211E-02  0.425E-03  0.115E-03  0.250E-04
     140.000     0.811E-03  0.104E-02  0.392E-03  0.146E-03  0.239E-04
     160.000     0.214E-03  0.975E-03  0.431E-03  0.403E-04  0.144E-04
     180.000     0.344E-03  0.141E-03  0.886E-04  0.144E-04  0.285E-04



 NEUTRON ENERGY = 26.000000
       0.000     0.287E+02  0.104E+00  0.771E-02  0.656E-03  0.299E-04
      20.000     0.209E+00  0.646E-01  0.638E-02  0.450E-03  0.251E-04
      40.000     0.422E-01  0.270E-01  0.175E-02  0.326E-03  0.251E-04
      60.000     0.322E-01  0.937E-02  0.963E-03  0.165E-03  0.210E-04
      80.000     0.125E-01  0.477E-02  0.650E-03  0.127E-03  0.205E-04
     100.000     0.380E-02  0.284E-02  0.447E-03  0.102E-03  0.176E-04
     120.000     0.107E-02  0.170E-02  0.335E-03  0.850E-04  0.170E-04
     140.000     0.361E-03  0.971E-03  0.290E-03  0.115E-03  0.200E-04
     160.000     0.197E-03  0.980E-03  0.384E-03  0.403E-04  0.108E-04
     180.000     0.122E-02  0.124E-03  0.562E-04  0.955E-05  0.209E-04



 NEUTRON ENERGY = 30.000000
       0.000     0.295E+02  0.445E-01  0.676E-02  0.400E-03  0.192E-04
      20.000     0.431E-01  0.670E-01  0.560E-02  0.366E-03  0.160E-04
      40.000     0.877E-01  0.179E-01  0.176E-02  0.260E-03  0.183E-04
      60.000     0.420E-01  0.722E-02  0.110E-02  0.131E-03  0.144E-04
      80.000     0.127E-01  0.427E-02  0.629E-03  0.967E-04  0.141E-04
     100.000     0.368E-02  0.225E-02  0.363E-03  0.702E-04  0.135E-04
     120.000     0.108E-02  0.115E-02  0.240E-03  0.507E-04  0.122E-04
     140.000     0.324E-03  0.636E-03  0.202E-03  0.696E-04  0.160E-04
     160.000     0.243E-03  0.864E-03  0.303E-03  0.399E-04  0.747E-05
     180.000     0.120E-02  0.312E-03  0.611E-04  0.376E-04  0.104E-04



 NEUTRON ENERGY = 33.000000
       0.000     0.296E+02  0.141E-01  0.642E-02  0.237E-03  0.169E-04
      20.000     0.435E-01  0.659E-01  0.541E-02  0.339E-03  0.117E-04
      40.000     0.124E+00  0.140E-01  0.200E-02  0.233E-03  0.145E-04
      60.000     0.392E-01  0.865E-02  0.110E-02  0.136E-03  0.992E-05
      80.000     0.947E-02  0.489E-02  0.493E-03  0.106E-03  0.912E-05
     100.000     0.250E-02  0.219E-02  0.244E-03  0.717E-04  0.933E-05
     120.000     0.761E-03  0.982E-03  0.151E-03  0.441E-04  0.852E-05
     140.000     0.283E-03  0.531E-03  0.136E-03  0.494E-04  0.116E-04
     160.000     0.287E-03  0.660E-03  0.247E-03  0.319E-04  0.639E-05
     180.000     0.786E-03  0.293E-03  0.783E-04  0.400E-04  0.102E-04



 NEUTRON ENERGY = 20.000000
       0.000     0.239E+02  0.170E+00  0.111E-01  0.105E-02  0.522E-04
      20.000     0.611E+00  0.635E-01  0.755E-02  0.689E-03  0.509E-04
      40.000     0.122E+00  0.348E-01  0.310E-02  0.516E-03  0.520E-04
      60.000     0.180E-01  0.155E-01  0.142E-02  0.315E-03  0.402E-04
      80.000     0.424E-02  0.669E-02  0.837E-03  0.244E-03  0.384E-04
     100.000     0.355E-02  0.351E-02  0.656E-03  0.181E-03  0.283E-04
     120.000     0.273E-02  0.204E-02  0.562E-03  0.138E-03  0.443E-04
     140.000     0.106E-02  0.121E-02  0.488E-03  0.184E-03  0.280E-04
     160.000     0.265E-03  0.142E-02  0.441E-03  0.518E-04  0.145E-04
     180.000     0.257E-04  0.422E-04  0.152E-03  0.738E-04  0.247E-04



 NEUTRON ENERGY = 16.000000
       0.000     0.181E+02  0.142E+00  0.134E-01  0.123E-02  0.894E-04
      20.000     0.730E+00  0.683E-01  0.838E-02  0.101E-02  0.904E-04
      40.000     0.307E+00  0.331E-01  0.538E-02  0.815E-03  0.843E-04
      60.000     0.453E-01  0.168E-01  0.269E-02  0.483E-03  0.723E-04
      80.000     0.376E-02  0.742E-02  0.139E-02  0.321E-03  0.718E-04
     100.000     0.645E-02  0.473E-02  0.896E-03  0.253E-03  0.539E-04
     120.000     0.269E-02  0.306E-02  0.698E-03  0.245E-03  0.827E-04
     140.000     0.980E-03  0.189E-02  0.864E-03  0.239E-03  0.297E-04
     160.000     0.163E-02  0.282E-02  0.430E-03  0.888E-04  0.171E-04
     180.000     0.183E-02  0.572E-03  0.105E-03  0.134E-03  0.198E-04



 NEUTRON ENERGY = 14.000000
       0.000     0.150E+02  0.961E-01  0.138E-01  0.138E-02  0.135E-03
      20.000     0.784E+00  0.710E-01  0.894E-02  0.124E-02  0.122E-03
      40.000     0.376E+00  0.330E-01  0.654E-02  0.997E-03  0.115E-03
      60.000     0.589E-01  0.186E-01  0.340E-02  0.616E-03  0.922E-04
      80.000     0.658E-02  0.105E-01  0.188E-02  0.424E-03  0.979E-04
     100.000     0.960E-02  0.744E-02  0.119E-02  0.320E-03  0.842E-04
     120.000     0.194E-02  0.380E-02  0.877E-03  0.386E-03  0.102E-03
     140.000     0.195E-02  0.252E-02  0.132E-02  0.281E-03  0.378E-04
     160.000     0.242E-02  0.446E-02  0.461E-03  0.111E-03  0.296E-04
     180.000     0.516E-02  0.533E-03  0.118E-03  0.111E-03  0.371E-04



 NEUTRON ENERGY = 18.000000
       0.000     0.211E+02  0.165E+00  0.121E-01  0.111E-02  0.647E-04
      20.000     0.691E+00  0.657E-01  0.803E-02  0.841E-03  0.675E-04
      40.000     0.210E+00  0.345E-01  0.415E-02  0.643E-03  0.652E-04
      60.000     0.283E-01  0.162E-01  0.194E-02  0.384E-03  0.565E-04
      80.000     0.346E-02  0.649E-02  0.107E-02  0.275E-03  0.514E-04
     100.000     0.484E-02  0.347E-02  0.776E-03  0.203E-03  0.381E-04
     120.000     0.312E-02  0.232E-02  0.619E-03  0.172E-03  0.632E-04
     140.000     0.844E-03  0.158E-02  0.600E-03  0.213E-03  0.271E-04
     160.000     0.849E-03  0.189E-02  0.452E-03  0.640E-04  0.148E-04
     180.000     0.184E-03  0.422E-03  0.974E-04  0.129E-03  0.202E-04



 NEUTRON ENERGY = 12.000000
       0.000     0.124E+02  0.440E-01  0.134E-01  0.158E-02  0.163E-03
      20.000     0.973E+00  0.687E-01  0.973E-02  0.156E-02  0.173E-03
      40.000     0.370E+00  0.365E-01  0.786E-02  0.122E-02  0.152E-03
      60.000     0.554E-01  0.229E-01  0.389E-02  0.799E-03  0.142E-03
      80.000     0.187E-01  0.143E-01  0.277E-02  0.627E-03  0.123E-03
     100.000     0.154E-01  0.104E-01  0.183E-02  0.386E-03  0.141E-03
     120.000     0.152E-02  0.520E-02  0.112E-02  0.625E-03  0.114E-03
     140.000     0.396E-02  0.406E-02  0.203E-02  0.325E-03  0.553E-04
     160.000     0.374E-02  0.687E-02  0.682E-03  0.112E-03  0.650E-04
     180.000     0.748E-02  0.106E-02  0.883E-04  0.776E-04  0.827E-04



 NEUTRON ENERGY = 10.000000
       0.000     0.105E+02  0.990E-02  0.125E-01  0.206E-02  0.282E-03
      20.000     0.147E+01  0.608E-01  0.106E-01  0.191E-02  0.251E-03
      40.000     0.262E+00  0.403E-01  0.929E-02  0.165E-02  0.203E-03
      60.000     0.297E-01  0.303E-01  0.467E-02  0.102E-02  0.220E-03
      80.000     0.459E-01  0.164E-01  0.377E-02  0.964E-03  0.168E-03
     100.000     0.176E-01  0.132E-01  0.270E-02  0.537E-03  0.206E-03
     120.000     0.589E-02  0.898E-02  0.171E-02  0.856E-03  0.123E-03
     140.000     0.582E-02  0.585E-02  0.290E-02  0.353E-03  0.827E-04
     160.000     0.585E-02  0.108E-01  0.112E-02  0.991E-04  0.139E-03
     180.000     0.556E-02  0.106E-02  0.513E-03  0.777E-04  0.174E-03



 NEUTRON ENERGY =  7.000000
       0.000     0.935E+01  0.330E-01  0.151E-01  0.310E-02  0.354E-03
      20.000     0.293E+01  0.567E-01  0.137E-01  0.279E-02  0.414E-03
      40.000     0.805E-01  0.417E-01  0.101E-01  0.195E-02  0.415E-03
      60.000     0.697E-02  0.336E-01  0.734E-02  0.175E-02  0.287E-03
      80.000     0.731E-01  0.250E-01  0.549E-02  0.138E-02  0.453E-03
     100.000     0.617E-02  0.133E-01  0.357E-02  0.112E-02  0.478E-03
     120.000     0.264E-01  0.160E-01  0.406E-02  0.961E-03  0.187E-03
     140.000     0.350E-02  0.906E-02  0.378E-02  0.357E-03  0.159E-03
     160.000     0.702E-02  0.165E-01  0.135E-02  0.263E-03  0.216E-03
     180.000     0.121E-01  0.506E-02  0.166E-02  0.232E-03  0.213E-03



 NEUTRON ENERGY =  8.000000
       0.000     0.958E+01  0.178E-01  0.129E-01  0.241E-02  0.365E-03
      20.000     0.237E+01  0.569E-01  0.127E-01  0.247E-02  0.344E-03
      40.000     0.116E+00  0.400E-01  0.942E-02  0.201E-02  0.362E-03
      60.000     0.474E-02  0.353E-01  0.668E-02  0.144E-02  0.281E-03
      80.000     0.710E-01  0.204E-01  0.464E-02  0.134E-02  0.304E-03
     100.000     0.956E-02  0.143E-01  0.355E-02  0.849E-03  0.349E-03
     120.000     0.213E-01  0.141E-01  0.316E-02  0.966E-03  0.158E-03
     140.000     0.302E-02  0.768E-02  0.369E-02  0.367E-03  0.149E-03
     160.000     0.795E-02  0.152E-01  0.144E-02  0.167E-03  0.194E-03
     180.000     0.603E-02  0.277E-02  0.137E-02  0.167E-03  0.239E-03



 NEUTRON ENERGY =  3.000000
       0.000     0.609E+01  0.858E-01  0.137E-01  0.459E-02  0.596E-03
      20.000     0.344E+01  0.635E-01  0.139E-01  0.464E-02  0.576E-03
      40.000     0.411E+00  0.421E-01  0.127E-01  0.482E-02  0.500E-03
      60.000     0.384E-01  0.390E-01  0.932E-02  0.472E-02  0.367E-03
      80.000     0.142E+00  0.410E-01  0.739E-02  0.359E-02  0.243E-03
     100.000     0.519E-01  0.282E-01  0.814E-02  0.172E-02  0.210E-03
     120.000     0.354E-02  0.206E-01  0.595E-02  0.492E-03  0.291E-03
     140.000     0.169E-01  0.298E-01  0.197E-02  0.164E-03  0.418E-03
     160.000     0.693E-01  0.163E-01  0.497E-03  0.130E-03  0.509E-03
     180.000     0.112E+00  0.686E-02  0.339E-03  0.126E-03  0.539E-03



 NEUTRON ENERGY =  6.000000
       0.000     0.918E+01  0.505E-01  0.147E-01  0.327E-02  0.483E-03
      20.000     0.348E+01  0.594E-01  0.139E-01  0.277E-02  0.463E-03
      40.000     0.955E-01  0.425E-01  0.117E-01  0.212E-02  0.344E-03
      60.000     0.225E-01  0.315E-01  0.755E-02  0.192E-02  0.341E-03
      80.000     0.691E-01  0.300E-01  0.653E-02  0.145E-02  0.571E-03
     100.000     0.669E-02  0.134E-01  0.328E-02  0.152E-02  0.535E-03
     120.000     0.238E-01  0.173E-01  0.469E-02  0.903E-03  0.230E-03
     140.000     0.104E-01  0.117E-01  0.354E-02  0.319E-03  0.130E-03
     160.000     0.457E-02  0.167E-01  0.105E-02  0.374E-03  0.243E-03
     180.000     0.142E-01  0.781E-02  0.150E-02  0.418E-03  0.285E-03



 NEUTRON ENERGY =  4.000000
       0.000     0.789E+01  0.979E-01  0.146E-01  0.334E-02  0.447E-03
      20.000     0.395E+01  0.730E-01  0.143E-01  0.326E-02  0.476E-03
      40.000     0.278E+00  0.428E-01  0.123E-01  0.299E-02  0.547E-03
      60.000     0.581E-01  0.340E-01  0.971E-02  0.291E-02  0.568E-03
      80.000     0.950E-01  0.366E-01  0.645E-02  0.319E-02  0.465E-03
     100.000     0.199E-01  0.237E-01  0.472E-02  0.219E-02  0.387E-03
     120.000     0.626E-02  0.165E-01  0.550E-02  0.695E-03  0.369E-03
     140.000     0.210E-01  0.257E-01  0.224E-02  0.229E-03  0.292E-03
     160.000     0.265E-01  0.123E-01  0.500E-03  0.295E-03  0.222E-03
     180.000     0.425E-01  0.125E-02  0.596E-03  0.373E-03  0.204E-03



 NEUTRON ENERGY =  5.000000
       0.000     0.885E+01  0.800E-01  0.142E-01  0.286E-02  0.390E-03
      20.000     0.390E+01  0.680E-01  0.144E-01  0.273E-02  0.350E-03
      40.000     0.162E+00  0.401E-01  0.123E-01  0.251E-02  0.338E-03
      60.000     0.447E-01  0.322E-01  0.833E-02  0.202E-02  0.485E-03
      80.000     0.695E-01  0.331E-01  0.701E-02  0.201E-02  0.562E-03
     100.000     0.112E-01  0.173E-01  0.333E-02  0.195E-02  0.480E-03
     120.000     0.152E-01  0.173E-01  0.514E-02  0.836E-03  0.307E-03
     140.000     0.200E-01  0.177E-01  0.296E-02  0.288E-03  0.149E-03
     160.000     0.653E-02  0.148E-01  0.701E-03  0.386E-03  0.179E-03
     180.000     0.142E-01  0.694E-02  0.928E-03  0.490E-03  0.229E-03



 NEUTRON ENERGY =  1.000000
       0.000     0.195E+01  0.104E-01  0.127E-01  0.695E-03  0.296E-06
      20.000     0.155E+01  0.147E-01  0.126E-01  0.628E-03  0.294E-06
      40.000     0.761E+00  0.288E-01  0.120E-01  0.458E-03  0.278E-06
      60.000     0.238E+00  0.430E-01  0.107E-01  0.261E-03  0.253E-06
      80.000     0.127E+00  0.413E-01  0.835E-02  0.116E-03  0.260E-06
     100.000     0.160E+00  0.275E-01  0.571E-02  0.499E-04  0.361E-06
     120.000     0.124E+00  0.162E-01  0.356E-02  0.425E-04  0.635E-06
     140.000     0.429E-01  0.138E-01  0.206E-02  0.566E-04  0.111E-05
     160.000     0.319E-02  0.192E-01  0.104E-02  0.677E-04  0.160E-05
     180.000     0.353E-03  0.234E-01  0.645E-03  0.709E-04  0.182E-05



 NEUTRON ENERGY =  1.300000
       0.000     0.234E+01  0.512E-02  0.128E-01  0.216E-02  0.669E-05
      20.000     0.174E+01  0.885E-02  0.130E-01  0.199E-02  0.596E-05
      40.000     0.662E+00  0.261E-01  0.134E-01  0.152E-02  0.437E-05
      60.000     0.108E+00  0.444E-01  0.134E-01  0.913E-03  0.300E-05
      80.000     0.101E+00  0.417E-01  0.119E-01  0.415E-03  0.248E-05
     100.000     0.177E+00  0.284E-01  0.880E-02  0.168E-03  0.318E-05
     120.000     0.120E+00  0.214E-01  0.531E-02  0.121E-03  0.573E-05
     140.000     0.249E-01  0.202E-01  0.274E-02  0.140E-03  0.104E-04
     160.000     0.140E-01  0.235E-01  0.118E-02  0.149E-03  0.156E-04
     180.000     0.348E-01  0.270E-01  0.627E-03  0.147E-03  0.179E-04



 NEUTRON ENERGY =  1.500000
       0.000     0.268E+01  0.799E-02  0.124E-01  0.343E-02  0.185E-04
      20.000     0.191E+01  0.102E-01  0.127E-01  0.320E-02  0.168E-04
      40.000     0.612E+00  0.269E-01  0.133E-01  0.253E-02  0.129E-04
      60.000     0.530E-01  0.450E-01  0.140E-01  0.159E-02  0.882E-05
      80.000     0.102E+00  0.406E-01  0.135E-01  0.743E-03  0.682E-05
     100.000     0.178E+00  0.285E-01  0.104E-01  0.297E-03  0.849E-05
     120.000     0.104E+00  0.252E-01  0.601E-02  0.190E-03  0.159E-04
     140.000     0.176E-01  0.238E-01  0.281E-02  0.195E-03  0.293E-04
     160.000     0.369E-01  0.239E-01  0.112E-02  0.187E-03  0.432E-04
     180.000     0.762E-01  0.261E-01  0.605E-03  0.176E-03  0.492E-04



 NEUTRON ENERGY =  2.000000
       0.000     0.375E+01  0.300E-01  0.134E-01  0.571E-02  0.126E-03
      20.000     0.244E+01  0.247E-01  0.131E-01  0.557E-02  0.115E-03
      40.000     0.527E+00  0.331E-01  0.124E-01  0.493E-02  0.859E-04
      60.000     0.306E-02  0.464E-01  0.126E-01  0.355E-02  0.541E-04
      80.000     0.132E+00  0.392E-01  0.137E-01  0.187E-02  0.363E-04
     100.000     0.141E+00  0.287E-01  0.119E-01  0.734E-03  0.413E-04
     120.000     0.495E-01  0.303E-01  0.655E-02  0.336E-03  0.786E-04
     140.000     0.123E-01  0.293E-01  0.244E-02  0.256E-03  0.145E-03
     160.000     0.868E-01  0.217E-01  0.103E-02  0.200E-03  0.210E-03
     180.000     0.152E+00  0.206E-01  0.809E-03  0.165E-03  0.236E-03



 NEUTRON ENERGY =  0.400000
       0.000     0.140E+01  0.293E-01  0.196E-02  0.520E-06
      20.000     0.128E+01  0.296E-01  0.182E-02  0.465E-06
      40.000     0.988E+00  0.299E-01  0.146E-02  0.331E-06
      60.000     0.665E+00  0.287E-01  0.100E-02  0.192E-06
      80.000     0.420E+00  0.243E-01  0.606E-03  0.101E-06
     100.000     0.273E+00  0.167E-01  0.345E-03  0.681E-07
     120.000     0.192E+00  0.906E-02  0.203E-03  0.709E-07
     140.000     0.146E+00  0.467E-02  0.128E-03  0.836E-07
     160.000     0.121E+00  0.396E-02  0.867E-04  0.913E-07
     180.000     0.113E+00  0.432E-02  0.730E-04  0.932E-07



 NEUTRON ENERGY =  0.100000
       0.000     0.108E+01  0.484E-02
      20.000     0.105E+01  0.468E-02
      40.000     0.979E+00  0.422E-02
      60.000     0.877E+00  0.352E-02
      80.000     0.766E+00  0.271E-02
     100.000     0.664E+00  0.193E-02
     120.000     0.581E+00  0.132E-02
     140.000     0.522E+00  0.948E-03
     160.000     0.487E+00  0.778E-03
     180.000     0.475E+00  0.735E-03



 NEUTRON ENERGY =  0.200000
       0.000     0.121E+01  0.169E-01  0.426E-04
      20.000     0.115E+01  0.166E-01  0.394E-04
      40.000     0.101E+01  0.156E-01  0.315E-04
      60.000     0.819E+00  0.137E-01  0.220E-04
      80.000     0.637E+00  0.108E-01  0.141E-04
     100.000     0.489E+00  0.752E-02  0.933E-05
     120.000     0.385E+00  0.470E-02  0.717E-05
     140.000     0.319E+00  0.297E-02  0.649E-05
     160.000     0.284E+00  0.231E-02  0.636E-05
     180.000     0.273E+00  0.219E-02  0.634E-05



 NEUTRON ENERGY =  0.700000
       0.000     0.166E+01  0.246E-01  0.888E-02  0.802E-04  0.394E-08
      20.000     0.141E+01  0.270E-01  0.853E-02  0.714E-04  0.406E-08
      40.000     0.882E+00  0.336E-01  0.745E-02  0.502E-04  0.413E-08
      60.000     0.428E+00  0.391E-01  0.579E-02  0.278E-04  0.392E-08
      80.000     0.216E+00  0.360E-01  0.393E-02  0.126E-04  0.383E-08
     100.000     0.158E+00  0.244E-01  0.241E-02  0.625E-05  0.432E-08
     120.000     0.121E+00  0.124E-01  0.146E-02  0.615E-05  0.569E-08
     140.000     0.716E-01  0.780E-02  0.880E-03  0.890E-05  0.778E-08
     160.000     0.360E-01  0.107E-01  0.509E-03  0.116E-04  0.979E-08
     180.000     0.256E-01  0.134E-01  0.368E-03  0.126E-04  0.106E-07



 NEUTRON ENERGY =  0.040000
       0.000     0.981E+00
      20.000     0.971E+00
      40.000     0.943E+00
      60.000     0.901E+00
      80.000     0.852E+00
     100.000     0.803E+00
     120.000     0.759E+00
     140.000     0.725E+00
     160.000     0.704E+00
     180.000     0.697E+00



 NEUTRON ENERGY =  0.020000
       0.000     0.949E+00
      20.000     0.944E+00
      40.000     0.930E+00
      60.000     0.909E+00
      80.000     0.884E+00
     100.000     0.859E+00
     120.000     0.835E+00
     140.000     0.817E+00
     160.000     0.805E+00
     180.000     0.801E+00



 NEUTRON ENERGY =  0.070000
       0.000     0.103E+01  0.158E-02
      20.000     0.101E+01  0.153E-02
      40.000     0.962E+00  0.136E-02
      60.000     0.890E+00  0.112E-02
      80.000     0.808E+00  0.852E-03
     100.000     0.729E+00  0.606E-03
     120.000     0.662E+00  0.419E-03
     140.000     0.613E+00  0.303E-03
     160.000     0.582E+00  0.247E-03
     180.000     0.572E+00  0.232E-03



 NEUTRON ENERGY =  0.010000
       0.000     0.936E+00
      20.000     0.933E+00
      40.000     0.927E+00
      60.000     0.916E+00
      80.000     0.904E+00
     100.000     0.891E+00
     120.000     0.879E+00
     140.000     0.869E+00
     160.000     0.863E+00
     180.000     0.861E+00



 NEUTRON ENERGY =  0.005000
       0.000     0.932E+00
      20.000     0.931E+00
      40.000     0.927E+00
      60.000     0.922E+00
      80.000     0.916E+00
     100.000     0.910E+00
     120.000     0.904E+00
     140.000     0.899E+00
     160.000     0.896E+00
     180.000     0.895E+00



 NEUTRON ENERGY =  0.001000
       0.000     0.933E+00
      20.000     0.933E+00
      40.000     0.933E+00
      60.000     0.932E+00
      80.000     0.930E+00
     100.000     0.929E+00
     120.000     0.928E+00
     140.000     0.927E+00
     160.000     0.926E+00
     180.000     0.926E+00
