150.000000 10  5
 0.000000E+00  0.91043E+02  0.17481E+00  0.75593E-03  0.23973E-04  0.96928E-06
 0.200000E+02  0.35959E-01  0.83606E-02  0.17070E-02  0.88480E-04  0.63689E-06
 0.400000E+02  0.79253E-03  0.19091E-03  0.47477E-04  0.20516E-04  0.15539E-06
 0.600000E+02  0.27362E-04  0.68454E-05  0.93421E-06  0.11591E-05  0.27210E-06
 0.800000E+02  0.78454E-06  0.15671E-06  0.15393E-06  0.56158E-07  0.45215E-07
 0.100000E+03  0.21307E-06  0.35124E-07  0.40110E-08  0.39639E-08  0.21845E-08
 0.120000E+03  0.63569E-08  0.68079E-08  0.33083E-08  0.63723E-09  0.36873E-09
 0.140000E+03  0.94628E-07  0.83351E-08  0.30501E-08  0.73002E-09  0.22937E-09
 0.160000E+03  0.10684E-06  0.10117E-07  0.43932E-08  0.96897E-09  0.17482E-09
 0.180000E+03  0.51857E-06  0.73845E-07  0.15075E-07  0.18972E-08  0.16299E-09
160.000000 10  5
 0.000000E+00  0.90664E+02  0.15779E+00  0.65376E-03  0.19372E-04  0.84553E-06
 0.200000E+02  0.43087E-01  0.33785E-02  0.19831E-02  0.12487E-03  0.54411E-06
 0.400000E+02  0.71643E-03  0.24173E-03  0.72966E-05  0.21490E-04  0.79976E-06
 0.600000E+02  0.24114E-04  0.24925E-05  0.18737E-05  0.11992E-06  0.34299E-06
 0.800000E+02  0.66291E-06  0.29454E-07  0.11374E-06  0.15124E-07  0.30249E-07
 0.100000E+03  0.22497E-06  0.11200E-07  0.41980E-08  0.10608E-08  0.26847E-08
 0.120000E+03  0.15063E-07  0.41925E-08  0.27917E-08  0.10118E-08  0.10246E-09
 0.140000E+03  0.11699E-06  0.93386E-08  0.27219E-08  0.52793E-09  0.14327E-09
 0.160000E+03  0.10756E-07  0.82338E-08  0.41270E-08  0.11873E-08  0.12191E-09
 0.180000E+03  0.25608E-06  0.23172E-07  0.18090E-07  0.14448E-08  0.20762E-09
180.000000 10  5
 0.000000E+00  0.89921E+02  0.13252E+00  0.52251E-03  0.13428E-04  0.66525E-06
 0.200000E+02  0.47259E-01  0.12246E-02  0.18937E-02  0.20269E-03  0.89731E-06
 0.400000E+02  0.46743E-03  0.95470E-04  0.15707E-04  0.50907E-05  0.23813E-05
 0.600000E+02  0.33162E-05  0.72845E-06  0.22143E-06  0.45597E-06  0.13236E-07
 0.800000E+02  0.20582E-07  0.30416E-07  0.26224E-07  0.27441E-07  0.63918E-08
 0.100000E+03  0.11863E-06  0.16248E-07  0.41899E-08  0.57278E-09  0.44591E-09
 0.120000E+03  0.21464E-07  0.36242E-08  0.22048E-08  0.65338E-09  0.11852E-09
 0.140000E+03  0.11762E-06  0.26637E-08  0.24352E-08  0.49789E-09  0.72791E-10
 0.160000E+03  0.21237E-06  0.25433E-08  0.30849E-08  0.80063E-09  0.75555E-10
 0.180000E+03  0.90720E-06  0.19917E-07  0.15488E-07  0.22727E-08  0.17551E-09
200.000000 10  5
 0.000000E+00  0.89695E+02  0.11574E+00  0.46155E-03  0.95512E-05  0.57941E-06
 0.200000E+02  0.40904E-01  0.42311E-02  0.11959E-02  0.24738E-03  0.20942E-05
 0.400000E+02  0.12543E-03  0.67867E-05  0.18138E-04  0.12134E-05  0.93384E-06
 0.600000E+02  0.40235E-05  0.57021E-06  0.29947E-06  0.93927E-07  0.10436E-06
 0.800000E+02  0.17289E-06  0.98917E-08  0.12214E-07  0.86672E-08  0.58250E-08
 0.100000E+03  0.12332E-06  0.20091E-07  0.12728E-07  0.10896E-08  0.27001E-09
 0.120000E+03  0.37651E-08  0.67701E-08  0.42261E-08  0.79710E-09  0.13376E-09
 0.140000E+03  0.12293E-06  0.13388E-07  0.57243E-08  0.84238E-09  0.75520E-10
 0.160000E+03  0.12887E-07  0.20091E-07  0.78475E-08  0.15124E-08  0.12139E-09
 0.180000E+03  0.33508E-06  0.95471E-07  0.31070E-07  0.38647E-08  0.29579E-09
115.000000 10  5
 0.000000E+00  0.89282E+02  0.26341E+00  0.15489E-02  0.58990E-04  0.17445E-05
 0.200000E+02  0.81405E-01  0.45432E-01  0.53059E-03  0.50831E-04  0.13203E-05
 0.400000E+02  0.19010E-02  0.14584E-02  0.96709E-04  0.43979E-04  0.69066E-05
 0.600000E+02  0.11308E-03  0.50414E-04  0.10866E-04  0.33537E-05  0.13483E-05
 0.800000E+02  0.67207E-05  0.38315E-05  0.81292E-06  0.53324E-06  0.17411E-06
 0.100000E+03  0.14596E-06  0.17636E-06  0.59588E-07  0.91319E-07  0.91493E-08
 0.120000E+03  0.59968E-07  0.19932E-07  0.11885E-07  0.32342E-08  0.45455E-08
 0.140000E+03  0.28808E-07  0.72453E-08  0.39446E-08  0.19762E-08  0.52487E-09
 0.160000E+03  0.50795E-07  0.13926E-07  0.66579E-08  0.18434E-08  0.63329E-09
 0.180000E+03  0.11378E-06  0.65745E-07  0.25140E-07  0.33465E-08  0.45141E-09
130.000000 10  5
 0.000000E+00  0.91055E+02  0.21994E+00  0.10918E-02  0.39447E-04  0.13332E-05
 0.200000E+02  0.30794E-01  0.27288E-01  0.82924E-03  0.47426E-04  0.10475E-05
 0.400000E+02  0.92737E-03  0.13654E-03  0.16736E-03  0.37960E-05  0.38986E-05
 0.600000E+02  0.25180E-04  0.53062E-05  0.67175E-05  0.10939E-05  0.38424E-06
 0.800000E+02  0.12654E-05  0.29359E-06  0.45597E-06  0.14064E-06  0.62731E-07
 0.100000E+03  0.74822E-07  0.44522E-07  0.36457E-07  0.57178E-08  0.17226E-07
 0.120000E+03  0.17063E-07  0.39248E-08  0.23980E-08  0.14897E-08  0.60196E-09
 0.140000E+03  0.15955E-06  0.70317E-08  0.32297E-08  0.85225E-09  0.33680E-09
 0.160000E+03  0.88366E-07  0.77830E-08  0.39556E-08  0.96001E-09  0.32016E-09
 0.180000E+03  0.39044E-06  0.46139E-07  0.14653E-07  0.17900E-08  0.37413E-09
100.000000 10  5
 0.000000E+00  0.84379E+02  0.30967E+00  0.23003E-02  0.88364E-04  0.21802E-05
 0.200000E+02  0.25177E+00  0.58360E-01  0.11821E-02  0.73179E-04  0.15639E-05
 0.400000E+02  0.71209E-02  0.34902E-02  0.18459E-03  0.11982E-03  0.41589E-05
 0.600000E+02  0.34394E-03  0.14984E-03  0.19316E-04  0.13503E-04  0.34290E-06
 0.800000E+02  0.14465E-04  0.64381E-05  0.37196E-05  0.84908E-06  0.25598E-06
 0.100000E+03  0.22516E-05  0.13456E-05  0.59539E-06  0.15894E-06  0.10892E-06
 0.120000E+03  0.66924E-08  0.84435E-07  0.54426E-07  0.24209E-07  0.13842E-07
 0.140000E+03  0.33635E-07  0.31611E-07  0.14134E-07  0.56459E-08  0.21956E-08
 0.160000E+03  0.70092E-07  0.11448E-07  0.11264E-07  0.40768E-08  0.12863E-08
 0.180000E+03  0.78923E-07  0.60076E-07  0.30797E-07  0.89837E-08  0.10474E-08
 95.000000 10  5
 0.000000E+00  0.81742E+02  0.32346E+00  0.26442E-02  0.99657E-04  0.21963E-05
 0.200000E+02  0.34625E+00  0.59812E-01  0.16406E-02  0.81934E-04  0.16949E-05
 0.400000E+02  0.10368E-01  0.36465E-02  0.37871E-03  0.12855E-03  0.27398E-05
 0.600000E+02  0.43528E-03  0.13124E-03  0.50766E-04  0.11174E-04  0.89499E-06
 0.800000E+02  0.24686E-04  0.11054E-04  0.67418E-05  0.58512E-06  0.63176E-06
 0.100000E+03  0.36031E-05  0.28632E-05  0.57131E-06  0.43742E-06  0.79879E-07
 0.120000E+03  0.13044E-06  0.18423E-06  0.13374E-06  0.27397E-07  0.35919E-07
 0.140000E+03  0.31125E-07  0.44726E-07  0.14458E-07  0.69892E-08  0.40034E-08
 0.160000E+03  0.17489E-07  0.11486E-07  0.77200E-08  0.42732E-08  0.95481E-09
 0.180000E+03  0.16506E-07  0.28455E-07  0.13402E-07  0.38545E-08  0.68001E-09
 85.000000 10  5
 0.000000E+00  0.74595E+02  0.34068E+00  0.35011E-02  0.12307E-03  0.21922E-05
 0.200000E+02  0.59253E+00  0.57131E-01  0.28215E-02  0.96273E-04  0.21095E-05
 0.400000E+02  0.18057E-01  0.29141E-02  0.97335E-03  0.10383E-03  0.15321E-05
 0.600000E+02  0.66047E-03  0.24255E-03  0.12149E-03  0.84776E-05  0.43341E-05
 0.800000E+02  0.89616E-04  0.60542E-04  0.68047E-05  0.47065E-05  0.72193E-06
 0.100000E+03  0.56760E-05  0.59463E-05  0.22215E-05  0.60957E-06  0.20362E-06
 0.120000E+03  0.11593E-05  0.15093E-05  0.33455E-06  0.23884E-06  0.35480E-07
 0.140000E+03  0.19334E-06  0.23095E-06  0.80908E-07  0.36059E-07  0.99101E-08
 0.160000E+03  0.94416E-08  0.40436E-07  0.39987E-07  0.11079E-07  0.72181E-08
 0.180000E+03  0.81548E-07  0.68619E-07  0.41240E-07  0.13118E-07  0.32332E-08
 90.000000 10  5
 0.000000E+00  0.78494E+02  0.33418E+00  0.30443E-02  0.11094E-03  0.22400E-05
 0.200000E+02  0.46054E+00  0.59455E-01  0.21971E-02  0.89358E-04  0.18671E-05
 0.400000E+02  0.14168E-01  0.33762E-02  0.65890E-03  0.12256E-03  0.17493E-05
 0.600000E+02  0.52917E-03  0.12453E-03  0.92119E-04  0.72779E-05  0.24062E-05
 0.800000E+02  0.47887E-04  0.28927E-04  0.79820E-05  0.16830E-05  0.88254E-06
 0.100000E+03  0.44992E-05  0.44703E-05  0.79701E-06  0.67994E-06  0.63640E-07
 0.120000E+03  0.51759E-06  0.64817E-06  0.24910E-06  0.92241E-07  0.45804E-07
 0.140000E+03  0.80748E-07  0.72621E-07  0.37688E-07  0.98536E-08  0.90610E-08
 0.160000E+03  0.49684E-08  0.14372E-07  0.15927E-07  0.60815E-08  0.39813E-08
 0.180000E+03  0.39819E-07  0.40848E-07  0.31487E-07  0.20459E-08  0.19249E-08
 80.000000 10  5
 0.000000E+00  0.70036E+02  0.34155E+00  0.40332E-02  0.13224E-03  0.20659E-05
 0.200000E+02  0.73706E+00  0.52889E-01  0.34694E-02  0.10280E-03  0.24309E-05
 0.400000E+02  0.21427E-01  0.28300E-02  0.12364E-02  0.80345E-04  0.21873E-05
 0.600000E+02  0.92778E-03  0.61510E-03  0.11992E-03  0.21825E-04  0.55993E-05
 0.800000E+02  0.14710E-03  0.90175E-04  0.10050E-04  0.77320E-05  0.43802E-06
 0.100000E+03  0.12091E-04  0.11165E-04  0.42990E-05  0.68013E-06  0.46412E-06
 0.120000E+03  0.15853E-05  0.25874E-05  0.73778E-06  0.34311E-06  0.80568E-07
 0.140000E+03  0.26284E-06  0.60369E-06  0.14606E-06  0.83651E-07  0.16302E-07
 0.160000E+03  0.42719E-07  0.11808E-06  0.50659E-07  0.28604E-07  0.67104E-08
 0.180000E+03  0.16512E-06  0.73342E-07  0.21175E-07  0.16389E-07  0.32798E-08
 75.000000 10  5
 0.000000E+00  0.64841E+02  0.33386E+00  0.46054E-02  0.13853E-03  0.17702E-05
 0.200000E+02  0.88408E+00  0.47166E-01  0.41052E-02  0.10852E-03  0.28772E-05
 0.400000E+02  0.23824E-01  0.39500E-02  0.13533E-02  0.64178E-04  0.34551E-05
 0.600000E+02  0.15108E-02  0.12592E-02  0.10198E-03  0.47486E-04  0.53814E-05
 0.800000E+02  0.21585E-03  0.10132E-03  0.27763E-04  0.76569E-05  0.92228E-06
 0.100000E+03  0.28440E-04  0.26981E-04  0.51484E-05  0.19620E-05  0.52365E-06
 0.120000E+03  0.24614E-05  0.49895E-05  0.18867E-05  0.40524E-06  0.24214E-06
 0.140000E+03  0.29524E-06  0.10840E-05  0.40340E-06  0.12690E-06  0.69618E-07
 0.160000E+03  0.96180E-07  0.33521E-06  0.15671E-06  0.56821E-07  0.16018E-07
 0.180000E+03  0.16073E-06  0.16626E-06  0.10229E-06  0.14582E-07  0.35714E-07
 70.000000 10  5
 0.000000E+00  0.59109E+02  0.31563E+00  0.52093E-02  0.13909E-03  0.13960E-05
 0.200000E+02  0.10189E+01  0.40602E-01  0.46807E-02  0.11517E-03  0.34377E-05
 0.400000E+02  0.25475E-01  0.70871E-02  0.12756E-02  0.66100E-04  0.49478E-05
 0.600000E+02  0.26424E-02  0.19431E-02  0.13061E-03  0.73932E-04  0.39599E-05
 0.800000E+02  0.29375E-03  0.13432E-03  0.56868E-04  0.63275E-05  0.24640E-05
 0.100000E+03  0.57366E-04  0.49845E-04  0.65306E-05  0.40047E-05  0.37900E-06
 0.120000E+03  0.73250E-05  0.12246E-04  0.31658E-05  0.10195E-05  0.33821E-06
 0.140000E+03  0.55962E-06  0.27440E-05  0.10229E-05  0.31189E-06  0.14715E-06
 0.160000E+03  0.18472E-06  0.92768E-06  0.45573E-06  0.13027E-06  0.37841E-07
 0.180000E+03  0.20905E-07  0.44977E-06  0.22782E-06  0.12314E-06  0.99807E-08
 60.000000 10  5
 0.000000E+00  0.46890E+02  0.24099E+00  0.64150E-02  0.11122E-03  0.51726E-06
 0.200000E+02  0.11615E+01  0.29647E-01  0.54840E-02  0.13869E-03  0.47544E-05
 0.400000E+02  0.34889E-01  0.19243E-01  0.80972E-03  0.13366E-03  0.70077E-05
 0.600000E+02  0.66351E-02  0.22224E-02  0.52442E-03  0.73283E-04  0.40008E-05
 0.800000E+02  0.74307E-03  0.68140E-03  0.73842E-04  0.31293E-04  0.35168E-05
 0.100000E+03  0.14272E-03  0.10744E-03  0.32237E-04  0.49412E-05  0.19147E-05
 0.120000E+03  0.36087E-04  0.41903E-04  0.10161E-04  0.28030E-05  0.65204E-06
 0.140000E+03  0.78576E-05  0.17161E-04  0.46189E-05  0.16235E-05  0.42780E-06
 0.160000E+03  0.17607E-05  0.70460E-05  0.32656E-05  0.79342E-06  0.22546E-06
 0.180000E+03  0.12861E-05  0.22364E-05  0.19491E-05  0.37667E-06  0.23815E-06
 65.000000 10  5
 0.000000E+00  0.53032E+02  0.28520E+00  0.58519E-02  0.12965E-03  0.96302E-06
 0.200000E+02  0.11202E+01  0.34273E-01  0.51507E-02  0.12453E-03  0.40700E-05
 0.400000E+02  0.28021E-01  0.12483E-01  0.10429E-02  0.90854E-04  0.62545E-05
 0.600000E+02  0.44355E-02  0.22834E-02  0.27665E-03  0.84300E-04  0.29311E-05
 0.800000E+02  0.42783E-03  0.30867E-03  0.74355E-04  0.12792E-04  0.38117E-05
 0.100000E+03  0.95481E-04  0.66774E-04  0.15846E-04  0.44208E-05  0.79194E-06
 0.120000E+03  0.19204E-04  0.25969E-04  0.45436E-05  0.22759E-05  0.29227E-06
 0.140000E+03  0.29611E-05  0.78350E-05  0.19197E-05  0.95757E-06  0.16863E-06
 0.160000E+03  0.51557E-06  0.28066E-05  0.11406E-05  0.38216E-06  0.68989E-07
 0.180000E+03  0.51600E-06  0.12429E-05  0.42366E-06  0.23810E-06  0.85484E-07
 55.000000 10  5
 0.000000E+00  0.41086E+02  0.18428E+00  0.68533E-02  0.82731E-04  0.42661E-06
 0.200000E+02  0.11141E+01  0.28417E-01  0.56503E-02  0.16014E-03  0.53786E-05
 0.400000E+02  0.50775E-01  0.25118E-01  0.77669E-03  0.18048E-03  0.73515E-05
 0.600000E+02  0.85457E-02  0.25682E-02  0.72187E-03  0.61160E-04  0.67914E-05
 0.800000E+02  0.13814E-02  0.10386E-02  0.11668E-03  0.46708E-04  0.29691E-05
 0.100000E+03  0.24137E-03  0.24853E-03  0.39793E-04  0.12824E-04  0.23148E-05
 0.120000E+03  0.60529E-04  0.76536E-04  0.19354E-04  0.41833E-05  0.13657E-05
 0.140000E+03  0.14268E-04  0.36666E-04  0.11080E-04  0.27439E-05  0.11019E-05
 0.160000E+03  0.28400E-05  0.17697E-04  0.91500E-05  0.19432E-05  0.48539E-06
 0.180000E+03  0.75066E-05  0.97592E-05  0.27393E-05  0.17968E-05  0.40469E-07
 36.000000 10  5
 0.000000E+00  0.29688E+02  0.16765E-02  0.65536E-02  0.13376E-03  0.12666E-04
 0.200000E+02  0.14130E+00  0.61775E-01  0.52558E-02  0.30683E-03  0.86863E-05
 0.400000E+02  0.14539E+00  0.13606E-01  0.21171E-02  0.22370E-03  0.11658E-04
 0.600000E+02  0.31137E-01  0.10651E-01  0.90227E-03  0.15593E-03  0.77132E-05
 0.800000E+02  0.61375E-02  0.48659E-02  0.36704E-03  0.11018E-03  0.70147E-05
 0.100000E+03  0.15149E-02  0.17910E-02  0.18646E-03  0.65254E-04  0.69901E-05
 0.120000E+03  0.46062E-03  0.74039E-03  0.10255E-03  0.37765E-04  0.61772E-05
 0.140000E+03  0.18724E-03  0.42382E-03  0.92326E-04  0.35847E-04  0.84241E-05
 0.160000E+03  0.18136E-03  0.50455E-03  0.17370E-03  0.29165E-04  0.45297E-05
 0.180000E+03  0.60427E-03  0.14064E-03  0.95992E-04  0.20643E-04  0.11487E-04
 40.000000 10  5
 0.000000E+00  0.30291E+02  0.12163E-01  0.67500E-02  0.51300E-04  0.69550E-05
 0.200000E+02  0.36717E+00  0.52884E-01  0.52866E-02  0.27324E-03  0.71863E-05
 0.400000E+02  0.14529E+00  0.17349E-01  0.20353E-02  0.22635E-03  0.96909E-05
 0.600000E+02  0.20058E-01  0.11403E-01  0.60253E-03  0.16692E-03  0.75898E-05
 0.800000E+02  0.37451E-02  0.34556E-02  0.33857E-03  0.85359E-04  0.79157E-05
 0.100000E+03  0.10104E-02  0.10007E-02  0.18581E-03  0.38086E-04  0.65231E-05
 0.120000E+03  0.33677E-03  0.39121E-03  0.89160E-04  0.21370E-04  0.46209E-05
 0.140000E+03  0.13438E-03  0.25399E-03  0.67609E-04  0.19831E-04  0.58052E-05
 0.160000E+03  0.70270E-04  0.28196E-03  0.11054E-03  0.19539E-04  0.37914E-05
 0.180000E+03  0.31406E-03  0.10134E-03  0.49663E-04  0.13281E-04  0.50930E-05
 45.000000 10  5
 0.000000E+00  0.32398E+02  0.57164E-01  0.70494E-02  0.30041E-04  0.32801E-05
 0.200000E+02  0.69113E+00  0.40846E-01  0.54868E-02  0.22897E-03  0.62986E-05
 0.400000E+02  0.11582E+00  0.24016E-01  0.16016E-02  0.22709E-03  0.82923E-05
 0.600000E+02  0.12235E-01  0.85656E-02  0.54862E-03  0.12892E-03  0.91650E-05
 0.800000E+02  0.29155E-02  0.16584E-02  0.37094E-03  0.47842E-04  0.80772E-05
 0.100000E+03  0.79313E-03  0.55654E-03  0.13018E-03  0.23907E-04  0.43819E-05
 0.120000E+03  0.25038E-03  0.24409E-03  0.49924E-04  0.13404E-04  0.25482E-05
 0.140000E+03  0.97825E-04  0.14912E-03  0.37722E-04  0.11016E-04  0.29050E-05
 0.160000E+03  0.35350E-04  0.11654E-03  0.55568E-04  0.87084E-05  0.26238E-05
 0.180000E+03  0.90494E-04  0.46351E-04  0.20581E-04  0.76042E-05  0.71913E-06
 50.000000 10  5
 0.000000E+00  0.36095E+02  0.11972E+00  0.70808E-02  0.50413E-04  0.10926E-05
 0.200000E+02  0.95660E+00  0.32031E-01  0.56371E-02  0.19072E-03  0.58892E-05
 0.400000E+02  0.78948E-01  0.27241E-01  0.10687E-02  0.21528E-03  0.75374E-05
 0.600000E+02  0.98201E-02  0.46710E-02  0.70307E-03  0.78905E-04  0.91747E-05
 0.800000E+02  0.22448E-02  0.11612E-02  0.25485E-03  0.44005E-04  0.49715E-05
 0.100000E+03  0.47533E-03  0.43964E-03  0.56780E-04  0.23001E-04  0.22729E-05
 0.120000E+03  0.12472E-03  0.16281E-03  0.25025E-04  0.98961E-05  0.14815E-05
 0.140000E+03  0.38609E-04  0.85582E-04  0.18903E-04  0.67303E-05  0.16020E-05
 0.160000E+03  0.10970E-04  0.50204E-04  0.21612E-04  0.53091E-05  0.73927E-06
 0.180000E+03  0.35894E-04  0.19183E-04  0.97242E-05  0.17045E-05  0.67239E-06
 23.000000 10  5
 0.000000E+00  0.26972E+02  0.15064E+00  0.93469E-02  0.86825E-03  0.33396E-04
 0.200000E+02  0.41664E+00  0.61975E-01  0.68939E-02  0.53665E-03  0.36967E-04
 0.400000E+02  0.47860E-01  0.32762E-01  0.22115E-02  0.41518E-03  0.36806E-04
 0.600000E+02  0.19817E-01  0.13118E-01  0.10430E-02  0.23908E-03  0.26340E-04
 0.800000E+02  0.81202E-02  0.62881E-02  0.65429E-03  0.18843E-03  0.26760E-04
 0.100000E+03  0.29626E-02  0.36222E-02  0.49325E-03  0.14778E-03  0.20687E-04
 0.120000E+03  0.14890E-02  0.21064E-02  0.42503E-03  0.11494E-03  0.24981E-04
 0.140000E+03  0.81083E-03  0.10447E-02  0.39199E-03  0.14573E-03  0.23878E-04
 0.160000E+03  0.21417E-03  0.97468E-03  0.43119E-03  0.40297E-04  0.14376E-04
 0.180000E+03  0.34371E-03  0.14115E-03  0.88626E-04  0.14430E-04  0.28498E-04
 26.000000 10  5
 0.000000E+00  0.28731E+02  0.10417E+00  0.77075E-02  0.65596E-03  0.29895E-04
 0.200000E+02  0.20877E+00  0.64617E-01  0.63845E-02  0.45010E-03  0.25057E-04
 0.400000E+02  0.42158E-01  0.27001E-01  0.17474E-02  0.32623E-03  0.25090E-04
 0.600000E+02  0.32189E-01  0.93725E-02  0.96269E-03  0.16543E-03  0.20984E-04
 0.800000E+02  0.12516E-01  0.47729E-02  0.65006E-03  0.12652E-03  0.20508E-04
 0.100000E+03  0.38010E-02  0.28359E-02  0.44709E-03  0.10223E-03  0.17599E-04
 0.120000E+03  0.10697E-02  0.16973E-02  0.33479E-03  0.84997E-04  0.17014E-04
 0.140000E+03  0.36056E-03  0.97093E-03  0.28994E-03  0.11520E-03  0.20003E-04
 0.160000E+03  0.19735E-03  0.98037E-03  0.38364E-03  0.40258E-04  0.10805E-04
 0.180000E+03  0.12183E-02  0.12424E-03  0.56238E-04  0.95512E-05  0.20876E-04
 30.000000 10  5
 0.000000E+00  0.29540E+02  0.44467E-01  0.67578E-02  0.40014E-03  0.19226E-04
 0.200000E+02  0.43095E-01  0.66970E-01  0.55987E-02  0.36639E-03  0.16029E-04
 0.400000E+02  0.87736E-01  0.17885E-01  0.17598E-02  0.25973E-03  0.18298E-04
 0.600000E+02  0.41991E-01  0.72246E-02  0.11011E-02  0.13071E-03  0.14426E-04
 0.800000E+02  0.12721E-01  0.42715E-02  0.62883E-03  0.96650E-04  0.14072E-04
 0.100000E+03  0.36793E-02  0.22506E-02  0.36342E-03  0.70172E-04  0.13518E-04
 0.120000E+03  0.10781E-02  0.11456E-02  0.24017E-03  0.50671E-04  0.12196E-04
 0.140000E+03  0.32375E-03  0.63636E-03  0.20250E-03  0.69648E-04  0.16034E-04
 0.160000E+03  0.24299E-03  0.86412E-03  0.30270E-03  0.39851E-04  0.74749E-05
 0.180000E+03  0.11961E-02  0.31162E-03  0.61118E-04  0.37588E-04  0.10360E-04
 33.000000 10  5
 0.000000E+00  0.29624E+02  0.14104E-01  0.64175E-02  0.23658E-03  0.16857E-04
 0.200000E+02  0.43512E-01  0.65909E-01  0.54106E-02  0.33893E-03  0.11716E-04
 0.400000E+02  0.12422E+00  0.14036E-01  0.19998E-02  0.23269E-03  0.14470E-04
 0.600000E+02  0.39171E-01  0.86466E-02  0.10966E-02  0.13572E-03  0.99153E-05
 0.800000E+02  0.94660E-02  0.48912E-02  0.49313E-03  0.10628E-03  0.91210E-05
 0.100000E+03  0.25003E-02  0.21929E-02  0.24375E-03  0.71712E-04  0.93334E-05
 0.120000E+03  0.76137E-03  0.98166E-03  0.15088E-03  0.44136E-04  0.85170E-05
 0.140000E+03  0.28261E-03  0.53135E-03  0.13576E-03  0.49390E-04  0.11606E-04
 0.160000E+03  0.28661E-03  0.66033E-03  0.24664E-03  0.31902E-04  0.63929E-05
 0.180000E+03  0.78570E-03  0.29310E-03  0.78298E-04  0.40006E-04  0.10151E-04
 20.000000 10  5
 0.000000E+00  0.23864E+02  0.17027E+00  0.11115E-01  0.10509E-02  0.52194E-04
 0.200000E+02  0.61100E+00  0.63546E-01  0.75515E-02  0.68917E-03  0.50910E-04
 0.400000E+02  0.12239E+00  0.34841E-01  0.31022E-02  0.51569E-03  0.52046E-04
 0.600000E+02  0.18014E-01  0.15520E-01  0.14172E-02  0.31519E-03  0.40175E-04
 0.800000E+02  0.42427E-02  0.66921E-02  0.83694E-03  0.24446E-03  0.38356E-04
 0.100000E+03  0.35534E-02  0.35079E-02  0.65581E-03  0.18091E-03  0.28277E-04
 0.120000E+03  0.27298E-02  0.20417E-02  0.56152E-03  0.13792E-03  0.44287E-04
 0.140000E+03  0.10626E-02  0.12058E-02  0.48817E-03  0.18404E-03  0.28006E-04
 0.160000E+03  0.26517E-03  0.14211E-02  0.44098E-03  0.51793E-04  0.14457E-04
 0.180000E+03  0.25747E-04  0.42244E-04  0.15246E-03  0.73816E-04  0.24655E-04
 16.000000 10  5
 0.000000E+00  0.18057E+02  0.14176E+00  0.13368E-01  0.12262E-02  0.89399E-04
 0.200000E+02  0.73020E+00  0.68334E-01  0.83795E-02  0.10096E-02  0.90388E-04
 0.400000E+02  0.30747E+00  0.33148E-01  0.53814E-02  0.81481E-03  0.84336E-04
 0.600000E+02  0.45268E-01  0.16834E-01  0.26898E-02  0.48307E-03  0.72274E-04
 0.800000E+02  0.37601E-02  0.74177E-02  0.13870E-02  0.32143E-03  0.71846E-04
 0.100000E+03  0.64518E-02  0.47337E-02  0.89620E-03  0.25326E-03  0.53936E-04
 0.120000E+03  0.26910E-02  0.30583E-02  0.69832E-03  0.24538E-03  0.82699E-04
 0.140000E+03  0.98028E-03  0.18872E-02  0.86403E-03  0.23924E-03  0.29668E-04
 0.160000E+03  0.16322E-02  0.28226E-02  0.43010E-03  0.88803E-04  0.17056E-04
 0.180000E+03  0.18305E-02  0.57240E-03  0.10509E-03  0.13363E-03  0.19830E-04
 14.000000 10  5
 0.000000E+00  0.15003E+02  0.96060E-01  0.13812E-01  0.13783E-02  0.13488E-03
 0.200000E+02  0.78376E+00  0.71012E-01  0.89393E-02  0.12370E-02  0.12159E-03
 0.400000E+02  0.37645E+00  0.32963E-01  0.65415E-02  0.99701E-03  0.11491E-03
 0.600000E+02  0.58894E-01  0.18579E-01  0.33984E-02  0.61579E-03  0.92187E-04
 0.800000E+02  0.65785E-02  0.10487E-01  0.18833E-02  0.42439E-03  0.97938E-04
 0.100000E+03  0.96045E-02  0.74421E-02  0.11948E-02  0.32019E-03  0.84168E-04
 0.120000E+03  0.19417E-02  0.38002E-02  0.87671E-03  0.38578E-03  0.10153E-03
 0.140000E+03  0.19464E-02  0.25168E-02  0.13216E-02  0.28102E-03  0.37833E-04
 0.160000E+03  0.24205E-02  0.44620E-02  0.46057E-03  0.11080E-03  0.29632E-04
 0.180000E+03  0.51567E-02  0.53330E-03  0.11776E-03  0.11110E-03  0.37092E-04
 18.000000 10  5
 0.000000E+00  0.21117E+02  0.16499E+00  0.12124E-01  0.11118E-02  0.64653E-04
 0.200000E+02  0.69081E+00  0.65670E-01  0.80313E-02  0.84060E-03  0.67507E-04
 0.400000E+02  0.21023E+00  0.34477E-01  0.41454E-02  0.64296E-03  0.65210E-04
 0.600000E+02  0.28348E-01  0.16186E-01  0.19398E-02  0.38378E-03  0.56534E-04
 0.800000E+02  0.34597E-02  0.64896E-02  0.10685E-02  0.27479E-03  0.51421E-04
 0.100000E+03  0.48408E-02  0.34653E-02  0.77568E-03  0.20343E-03  0.38056E-04
 0.120000E+03  0.31170E-02  0.23165E-02  0.61891E-03  0.17175E-03  0.63241E-04
 0.140000E+03  0.84395E-03  0.15779E-02  0.59957E-03  0.21258E-03  0.27131E-04
 0.160000E+03  0.84905E-03  0.18935E-02  0.45231E-03  0.63967E-04  0.14785E-04
 0.180000E+03  0.18402E-03  0.42241E-03  0.97408E-04  0.12859E-03  0.20247E-04
 12.000000 10  5
 0.000000E+00  0.12364E+02  0.43980E-01  0.13373E-01  0.15752E-02  0.16345E-03
 0.200000E+02  0.97336E+00  0.68705E-01  0.97281E-02  0.15616E-02  0.17346E-03
 0.400000E+02  0.36981E+00  0.36463E-01  0.78586E-02  0.12180E-02  0.15183E-03
 0.600000E+02  0.55381E-01  0.22913E-01  0.38886E-02  0.79855E-03  0.14247E-03
 0.800000E+02  0.18700E-01  0.14276E-01  0.27688E-02  0.62736E-03  0.12344E-03
 0.100000E+03  0.15396E-01  0.10399E-01  0.18252E-02  0.38642E-03  0.14061E-03
 0.120000E+03  0.15177E-02  0.52030E-02  0.11231E-02  0.62527E-03  0.11389E-03
 0.140000E+03  0.39637E-02  0.40550E-02  0.20302E-02  0.32541E-03  0.55338E-04
 0.160000E+03  0.37396E-02  0.68691E-02  0.68167E-03  0.11198E-03  0.65004E-04
 0.180000E+03  0.74839E-02  0.10633E-02  0.88265E-04  0.77595E-04  0.82671E-04
 10.000000 10  5
 0.000000E+00  0.10529E+02  0.99037E-02  0.12496E-01  0.20570E-02  0.28242E-03
 0.200000E+02  0.14676E+01  0.60839E-01  0.10555E-01  0.19132E-02  0.25143E-03
 0.400000E+02  0.26228E+00  0.40274E-01  0.92922E-02  0.16486E-02  0.20300E-03
 0.600000E+02  0.29679E-01  0.30306E-01  0.46713E-02  0.10168E-02  0.22049E-03
 0.800000E+02  0.45864E-01  0.16384E-01  0.37684E-02  0.96381E-03  0.16792E-03
 0.100000E+03  0.17626E-01  0.13239E-01  0.27005E-02  0.53662E-03  0.20594E-03
 0.120000E+03  0.58887E-02  0.89778E-02  0.17055E-02  0.85635E-03  0.12278E-03
 0.140000E+03  0.58153E-02  0.58467E-02  0.28993E-02  0.35263E-03  0.82725E-04
 0.160000E+03  0.58453E-02  0.10770E-01  0.11233E-02  0.99143E-04  0.13947E-03
 0.180000E+03  0.55638E-02  0.10561E-02  0.51326E-03  0.77683E-04  0.17375E-03
  7.000000 10  5
 0.000000E+00  0.93481E+01  0.32972E-01  0.15061E-01  0.31038E-02  0.35414E-03
 0.200000E+02  0.29312E+01  0.56682E-01  0.13672E-01  0.27881E-02  0.41375E-03
 0.400000E+02  0.80525E-01  0.41705E-01  0.10082E-01  0.19489E-02  0.41459E-03
 0.600000E+02  0.69680E-02  0.33617E-01  0.73401E-02  0.17503E-02  0.28701E-03
 0.800000E+02  0.73112E-01  0.25028E-01  0.54865E-02  0.13832E-02  0.45256E-03
 0.100000E+03  0.61659E-02  0.13319E-01  0.35736E-02  0.11245E-02  0.47788E-03
 0.120000E+03  0.26439E-01  0.16014E-01  0.40571E-02  0.96113E-03  0.18685E-03
 0.140000E+03  0.35018E-02  0.90559E-02  0.37849E-02  0.35672E-03  0.15869E-03
 0.160000E+03  0.70206E-02  0.16477E-01  0.13453E-02  0.26263E-03  0.21574E-03
 0.180000E+03  0.12066E-01  0.50617E-02  0.16583E-02  0.23188E-03  0.21289E-03
  8.000000 10  5
 0.000000E+00  0.95794E+01  0.17774E-01  0.12872E-01  0.24145E-02  0.36537E-03
 0.200000E+02  0.23696E+01  0.56948E-01  0.12749E-01  0.24729E-02  0.34353E-03
 0.400000E+02  0.11569E+00  0.39953E-01  0.94179E-02  0.20102E-02  0.36217E-03
 0.600000E+02  0.47391E-02  0.35275E-01  0.66781E-02  0.14430E-02  0.28106E-03
 0.800000E+02  0.71035E-01  0.20437E-01  0.46400E-02  0.13380E-02  0.30352E-03
 0.100000E+03  0.95551E-02  0.14254E-01  0.35464E-02  0.84858E-03  0.34870E-03
 0.120000E+03  0.21267E-01  0.14063E-01  0.31556E-02  0.96569E-03  0.15782E-03
 0.140000E+03  0.30225E-02  0.76812E-02  0.36853E-02  0.36660E-03  0.14898E-03
 0.160000E+03  0.79547E-02  0.15159E-01  0.14400E-02  0.16742E-03  0.19352E-03
 0.180000E+03  0.60252E-02  0.27657E-02  0.13655E-02  0.16659E-03  0.23924E-03
  3.000000 10  5
 0.000000E+00  0.60911E+01  0.85822E-01  0.13687E-01  0.45858E-02  0.59606E-03
 0.200000E+02  0.34442E+01  0.63472E-01  0.13924E-01  0.46438E-02  0.57601E-03
 0.400000E+02  0.41070E+00  0.42136E-01  0.12665E-01  0.48202E-02  0.49993E-03
 0.600000E+02  0.38420E-01  0.38956E-01  0.93161E-02  0.47184E-02  0.36744E-03
 0.800000E+02  0.14222E+00  0.41044E-01  0.73922E-02  0.35893E-02  0.24270E-03
 0.100000E+03  0.51908E-01  0.28228E-01  0.81393E-02  0.17224E-02  0.21012E-03
 0.120000E+03  0.35395E-02  0.20562E-01  0.59499E-02  0.49227E-03  0.29126E-03
 0.140000E+03  0.16895E-01  0.29814E-01  0.19737E-02  0.16412E-03  0.41789E-03
 0.160000E+03  0.69321E-01  0.16300E-01  0.49722E-03  0.12954E-03  0.50890E-03
 0.180000E+03  0.11238E+00  0.68644E-02  0.33866E-03  0.12630E-03  0.53879E-03
  6.000000 10  5
 0.000000E+00  0.91794E+01  0.50454E-01  0.14748E-01  0.32739E-02  0.48292E-03
 0.200000E+02  0.34842E+01  0.59360E-01  0.13867E-01  0.27730E-02  0.46297E-03
 0.400000E+02  0.95479E-01  0.42456E-01  0.11671E-01  0.21214E-02  0.34390E-03
 0.600000E+02  0.22511E-01  0.31527E-01  0.75453E-02  0.19180E-02  0.34088E-03
 0.800000E+02  0.69057E-01  0.30012E-01  0.65280E-02  0.14531E-02  0.57071E-03
 0.100000E+03  0.66940E-02  0.13450E-01  0.32755E-02  0.15161E-02  0.53488E-03
 0.120000E+03  0.23792E-01  0.17263E-01  0.46933E-02  0.90251E-03  0.22990E-03
 0.140000E+03  0.10376E-01  0.11740E-01  0.35414E-02  0.31864E-03  0.12981E-03
 0.160000E+03  0.45738E-02  0.16650E-01  0.10463E-02  0.37352E-03  0.24252E-03
 0.180000E+03  0.14171E-01  0.78080E-02  0.15046E-02  0.41780E-03  0.28534E-03
  4.000000 10  5
 0.000000E+00  0.78923E+01  0.97904E-01  0.14559E-01  0.33371E-02  0.44718E-03
 0.200000E+02  0.39506E+01  0.73037E-01  0.14306E-01  0.32638E-02  0.47618E-03
 0.400000E+02  0.27774E+00  0.42762E-01  0.12288E-01  0.29875E-02  0.54741E-03
 0.600000E+02  0.58052E-01  0.34020E-01  0.97129E-02  0.29136E-02  0.56819E-03
 0.800000E+02  0.94958E-01  0.36575E-01  0.64473E-02  0.31927E-02  0.46458E-03
 0.100000E+03  0.19913E-01  0.23685E-01  0.47203E-02  0.21881E-02  0.38706E-03
 0.120000E+03  0.62639E-02  0.16465E-01  0.54972E-02  0.69477E-03  0.36883E-03
 0.140000E+03  0.21029E-01  0.25689E-01  0.22407E-02  0.22873E-03  0.29246E-03
 0.160000E+03  0.26519E-01  0.12297E-01  0.49958E-03  0.29477E-03  0.22212E-03
 0.180000E+03  0.42450E-01  0.12530E-02  0.59635E-03  0.37317E-03  0.20432E-03
  5.000000 10  5
 0.000000E+00  0.88457E+01  0.79997E-01  0.14198E-01  0.28589E-02  0.39030E-03
 0.200000E+02  0.38982E+01  0.68042E-01  0.14437E-01  0.27299E-02  0.35046E-03
 0.400000E+02  0.16209E+00  0.40141E-01  0.12255E-01  0.25104E-02  0.33848E-03
 0.600000E+02  0.44714E-01  0.32171E-01  0.83298E-02  0.20242E-02  0.48503E-03
 0.800000E+02  0.69512E-01  0.33094E-01  0.70114E-02  0.20135E-02  0.56170E-03
 0.100000E+03  0.11169E-01  0.17325E-01  0.33273E-02  0.19526E-02  0.48023E-03
 0.120000E+03  0.15161E-01  0.17255E-01  0.51433E-02  0.83627E-03  0.30708E-03
 0.140000E+03  0.19956E-01  0.17702E-01  0.29594E-02  0.28760E-03  0.14930E-03
 0.160000E+03  0.65266E-02  0.14784E-01  0.70074E-03  0.38552E-03  0.17863E-03
 0.180000E+03  0.14244E-01  0.69391E-02  0.92766E-03  0.49041E-03  0.22873E-03
  1.000000 10  5
 0.000000E+00  0.19500E+01  0.10404E-01  0.12663E-01  0.69453E-03  0.29620E-06
 0.200000E+02  0.15503E+01  0.14690E-01  0.12561E-01  0.62765E-03  0.29382E-06
 0.400000E+02  0.76138E+00  0.28820E-01  0.12036E-01  0.45765E-03  0.27772E-06
 0.600000E+02  0.23794E+00  0.42967E-01  0.10666E-01  0.26143E-03  0.25295E-06
 0.800000E+02  0.12727E+00  0.41260E-01  0.83502E-02  0.11587E-03  0.26028E-06
 0.100000E+03  0.15980E+00  0.27485E-01  0.57068E-02  0.49857E-04  0.36071E-06
 0.120000E+03  0.12435E+00  0.16158E-01  0.35637E-02  0.42467E-04  0.63471E-06
 0.140000E+03  0.42921E-01  0.13814E-01  0.20631E-02  0.56571E-04  0.11065E-05
 0.160000E+03  0.31859E-02  0.19213E-01  0.10371E-02  0.67710E-04  0.16047E-05
 0.180000E+03  0.35255E-03  0.23400E-01  0.64537E-03  0.70882E-04  0.18232E-05
  1.300000 10  5
 0.000000E+00  0.23409E+01  0.51152E-02  0.12835E-01  0.21604E-02  0.66938E-05
 0.200000E+02  0.17392E+01  0.88486E-02  0.13028E-01  0.19895E-02  0.59611E-05
 0.400000E+02  0.66193E+00  0.26073E-01  0.13396E-01  0.15199E-02  0.43686E-05
 0.600000E+02  0.10776E+00  0.44370E-01  0.13353E-01  0.91333E-03  0.29980E-05
 0.800000E+02  0.10080E+00  0.41719E-01  0.11932E-01  0.41475E-03  0.24782E-05
 0.100000E+03  0.17730E+00  0.28375E-01  0.87984E-02  0.16827E-03  0.31758E-05
 0.120000E+03  0.11961E+00  0.21405E-01  0.53103E-02  0.12113E-03  0.57254E-05
 0.140000E+03  0.24924E-01  0.20168E-01  0.27419E-02  0.13989E-03  0.10388E-04
 0.160000E+03  0.14007E-01  0.23487E-01  0.11753E-02  0.14863E-03  0.15578E-04
 0.180000E+03  0.34780E-01  0.26985E-01  0.62718E-03  0.14716E-03  0.17947E-04
  1.500000 10  5
 0.000000E+00  0.26802E+01  0.79871E-02  0.12440E-01  0.34336E-02  0.18477E-04
 0.200000E+02  0.19078E+01  0.10150E-01  0.12688E-01  0.32044E-02  0.16837E-04
 0.400000E+02  0.61166E+00  0.26864E-01  0.13331E-01  0.25327E-02  0.12864E-04
 0.600000E+02  0.53024E-01  0.45026E-01  0.14050E-01  0.15857E-02  0.88199E-05
 0.800000E+02  0.10203E+00  0.40591E-01  0.13530E-01  0.74277E-03  0.68223E-05
 0.100000E+03  0.17782E+00  0.28516E-01  0.10382E-01  0.29664E-03  0.84928E-05
 0.120000E+03  0.10417E+00  0.25235E-01  0.60102E-02  0.18990E-03  0.15901E-04
 0.140000E+03  0.17628E-01  0.23806E-01  0.28075E-02  0.19493E-03  0.29296E-04
 0.160000E+03  0.36948E-01  0.23852E-01  0.11244E-02  0.18719E-03  0.43238E-04
 0.180000E+03  0.76170E-01  0.26135E-01  0.60456E-03  0.17602E-03  0.49238E-04
  2.000000 10  5
 0.000000E+00  0.37545E+01  0.29978E-01  0.13393E-01  0.57107E-02  0.12645E-03
 0.200000E+02  0.24362E+01  0.24745E-01  0.13109E-01  0.55732E-02  0.11510E-03
 0.400000E+02  0.52742E+00  0.33097E-01  0.12387E-01  0.49317E-02  0.85851E-04
 0.600000E+02  0.30568E-02  0.46395E-01  0.12565E-01  0.35461E-02  0.54076E-04
 0.800000E+02  0.13162E+00  0.39156E-01  0.13700E-01  0.18684E-02  0.36260E-04
 0.100000E+03  0.14053E+00  0.28736E-01  0.11923E-01  0.73434E-03  0.41310E-04
 0.120000E+03  0.49537E-01  0.30346E-01  0.65534E-02  0.33590E-03  0.78591E-04
 0.140000E+03  0.12257E-01  0.29304E-01  0.24429E-02  0.25629E-03  0.14544E-03
 0.160000E+03  0.86844E-01  0.21679E-01  0.10287E-02  0.20049E-03  0.21006E-03
 0.180000E+03  0.15177E+00  0.20592E-01  0.80889E-03  0.16512E-03  0.23615E-03
  0.400000 10  4
 0.000000E+00  0.14015E+01  0.29266E-01  0.19622E-02  0.52036E-06
 0.200000E+02  0.12813E+01  0.29550E-01  0.18219E-02  0.46455E-06
 0.400000E+02  0.98831E+00  0.29905E-01  0.14556E-02  0.33097E-06
 0.600000E+02  0.66539E+00  0.28740E-01  0.10013E-02  0.19181E-06
 0.800000E+02  0.41983E+00  0.24270E-01  0.60584E-03  0.10121E-06
 0.100000E+03  0.27260E+00  0.16714E-01  0.34492E-03  0.68124E-07
 0.120000E+03  0.19195E+00  0.90559E-02  0.20294E-03  0.70947E-07
 0.140000E+03  0.14607E+00  0.46670E-02  0.12759E-03  0.83569E-07
 0.160000E+03  0.12124E+00  0.39648E-02  0.86654E-04  0.91328E-07
 0.180000E+03  0.11336E+00  0.43162E-02  0.73012E-04  0.93178E-07
  0.100000 10  2
 0.000000E+00  0.10773E+01  0.48402E-02
 0.200000E+02  0.10510E+01  0.46803E-02
 0.400000E+02  0.97861E+00  0.42200E-02
 0.600000E+02  0.87698E+00  0.35240E-02
 0.800000E+02  0.76643E+00  0.27091E-02
 0.100000E+03  0.66420E+00  0.19285E-02
 0.120000E+03  0.58109E+00  0.13203E-02
 0.140000E+03  0.52165E+00  0.94767E-03
 0.160000E+03  0.48653E+00  0.77833E-03
 0.180000E+03  0.47498E+00  0.73500E-03
  0.200000 10  3
 0.000000E+00  0.12076E+01  0.16941E-01  0.42572E-04
 0.200000E+02  0.11526E+01  0.16635E-01  0.39450E-04
 0.400000E+02  0.10075E+01  0.15608E-01  0.31491E-04
 0.600000E+02  0.81936E+00  0.13652E-01  0.22001E-04
 0.800000E+02  0.63665E+00  0.10786E-01  0.14139E-04
 0.100000E+03  0.48913E+00  0.75167E-02  0.93274E-05
 0.120000E+03  0.38497E+00  0.46987E-02  0.71671E-05
 0.140000E+03  0.31933E+00  0.29738E-02  0.64886E-05
 0.160000E+03  0.28406E+00  0.23075E-02  0.63557E-05
 0.180000E+03  0.27303E+00  0.21856E-02  0.63440E-05
  0.700000 10  5
 0.000000E+00  0.16577E+01  0.24639E-01  0.88848E-02  0.80182E-04  0.39398E-08
 0.200000E+02  0.14140E+01  0.27010E-01  0.85271E-02  0.71370E-04  0.40609E-08
 0.400000E+02  0.88225E+00  0.33561E-01  0.74533E-02  0.50179E-04  0.41262E-08
 0.600000E+02  0.42796E+00  0.39112E-01  0.57867E-02  0.27807E-04  0.39205E-08
 0.800000E+02  0.21586E+00  0.36023E-01  0.39319E-02  0.12629E-04  0.38259E-08
 0.100000E+03  0.15807E+00  0.24400E-01  0.24142E-02  0.62542E-05  0.43247E-08
 0.120000E+03  0.12146E+00  0.12447E-01  0.14561E-02  0.61478E-05  0.56890E-08
 0.140000E+03  0.71636E-01  0.78008E-02  0.88036E-03  0.88965E-05  0.77812E-08
 0.160000E+03  0.36038E-01  0.10661E-01  0.50850E-03  0.11602E-04  0.97858E-08
 0.180000E+03  0.25602E-01  0.13377E-01  0.36782E-03  0.12644E-04  0.10619E-07
  0.040000 10  1
 0.000000E+00  0.98125E+00
 0.200000E+02  0.97118E+00
 0.400000E+02  0.94275E+00
 0.600000E+02  0.90076E+00
 0.800000E+02  0.85179E+00
 0.100000E+03  0.80261E+00
 0.120000E+03  0.75905E+00
 0.140000E+03  0.72535E+00
 0.160000E+03  0.70421E+00
 0.180000E+03  0.69702E+00
  0.020000 10  1
 0.000000E+00  0.94877E+00
 0.200000E+02  0.94391E+00
 0.400000E+02  0.93008E+00
 0.600000E+02  0.90929E+00
 0.800000E+02  0.88444E+00
 0.100000E+03  0.85878E+00
 0.120000E+03  0.83538E+00
 0.140000E+03  0.81680E+00
 0.160000E+03  0.80492E+00
 0.180000E+03  0.80084E+00
  0.070000 10  2
 0.000000E+00  0.10308E+01  0.15840E-02
 0.200000E+02  0.10127E+01  0.15252E-02
 0.400000E+02  0.96230E+00  0.13599E-02
 0.600000E+02  0.88970E+00  0.11201E-02
 0.800000E+02  0.80796E+00  0.85232E-03
 0.100000E+03  0.72922E+00  0.60627E-03
 0.120000E+03  0.66239E+00  0.41897E-03
 0.140000E+03  0.61268E+00  0.30302E-03
 0.160000E+03  0.58241E+00  0.24731E-03
 0.180000E+03  0.57229E+00  0.23193E-03
  0.010000 10  1
 0.000000E+00  0.93561E+00
 0.200000E+02  0.93326E+00
 0.400000E+02  0.92654E+00
 0.600000E+02  0.91634E+00
 0.800000E+02  0.90401E+00
 0.100000E+03  0.89107E+00
 0.120000E+03  0.87911E+00
 0.140000E+03  0.86948E+00
 0.160000E+03  0.86327E+00
 0.180000E+03  0.86112E+00
  0.005000 10  1
 0.000000E+00  0.93169E+00
 0.200000E+02  0.93055E+00
 0.400000E+02  0.92728E+00
 0.600000E+02  0.92228E+00
 0.800000E+02  0.91619E+00
 0.100000E+03  0.90977E+00
 0.120000E+03  0.90377E+00
 0.140000E+03  0.89892E+00
 0.160000E+03  0.89577E+00
 0.180000E+03  0.89468E+00
  0.001000 10  1
 0.000000E+00  0.93337E+00
 0.200000E+02  0.93315E+00
 0.400000E+02  0.93252E+00
 0.600000E+02  0.93155E+00
 0.800000E+02  0.93037E+00
 0.100000E+03  0.92911E+00
 0.120000E+03  0.92794E+00
 0.140000E+03  0.92698E+00
 0.160000E+03  0.92635E+00
 0.180000E+03  0.92613E+00
