   1.50000E+02   4.10154E+00   2.02599E+00   2.07555E+00   2.04336E+00   3.01509E-02   1.92657E-03   1.04541E-04   4.99453E-06
   1.60000E+02   3.93587E+00   1.89400E+00   2.04186E+00   2.01213E+00   2.78591E-02   1.77842E-03   9.53928E-05   4.53734E-06
   1.80000E+02   3.65507E+00   1.67418E+00   1.98089E+00   1.95487E+00   2.43852E-02   1.55436E-03   8.21057E-05   3.87043E-06
   2.00000E+02   3.43432E+00   1.50783E+00   1.92649E+00   1.90303E+00   2.19854E-02   1.39920E-03   7.31869E-05   3.41977E-06
   1.15000E+02   4.79046E+00   2.57335E+00   2.21710E+00   2.17148E+00   4.26995E-02   2.74967E-03   1.61558E-04   7.99317E-06
   1.30000E+02   4.48148E+00   2.33032E+00   2.15116E+00   2.11241E+00   3.62802E-02   2.32559E-03   1.30763E-04   6.34489E-06
   1.00000E+02   5.07308E+00   2.77930E+00   2.29378E+00   2.23898E+00   5.12495E-02   3.32749E-03   2.09036E-04   1.06496E-05
   9.50000E+01   5.14785E+00   2.82540E+00   2.32245E+00   2.26397E+00   5.46728E-02   3.56390E-03   2.30478E-04   1.19066E-05
   8.50000E+01   5.24273E+00   2.85780E+00   2.38493E+00   2.31801E+00   6.24968E-02   4.11647E-03   2.85429E-04   1.52647E-05
   9.00000E+01   5.20595E+00   2.85323E+00   2.35272E+00   2.29021E+00   5.84167E-02   3.82601E-03   2.55690E-04   1.34374E-05
   8.00000E+01   5.25359E+00   2.83408E+00   2.41951E+00   2.34781E+00   6.69221E-02   4.43825E-03   3.20799E-04   1.74988E-05
   7.50000E+01   5.23444E+00   2.77809E+00   2.45635E+00   2.37948E+00   7.16905E-02   4.79348E-03   3.62899E-04   2.02721E-05
   7.00000E+01   5.18337E+00   2.68750E+00   2.49587E+00   2.41347E+00   7.67830E-02   5.18485E-03   4.13230E-04   2.36814E-05
   6.00000E+01   5.00057E+00   2.41627E+00   2.58430E+00   2.48990E+00   8.77361E-02   6.08691E-03   5.46539E-04   3.35428E-05
   6.50000E+01   5.10271E+00   2.56420E+00   2.53851E+00   2.45024E+00   8.21572E-02   5.61510E-03   4.73685E-04   2.80153E-05
   5.50000E+01   4.89508E+00   2.26145E+00   2.63363E+00   2.53295E+00   9.33992E-02   6.60649E-03   6.34907E-04   4.07134E-05
   3.60000E+01   5.13026E+00   2.27568E+00   2.85458E+00   2.73092E+00   1.12769E-01   9.53494E-03   1.24402E-03   1.09798E-04
   4.00000E+01   4.92318E+00   2.11924E+00   2.80393E+00   2.68498E+00   1.09153E-01   8.65900E-03   1.05809E-03   8.51126E-05
   4.50000E+01   4.80919E+00   2.06561E+00   2.74358E+00   2.63050E+00   1.04285E-01   7.85307E-03   8.79536E-04   6.42741E-05
   5.00000E+01   4.81667E+00   2.12999E+00   2.68668E+00   2.57972E+00   9.89835E-02   7.18332E-03   7.43692E-04   5.05004E-05
   2.30000E+01   6.18176E+00   3.15650E+00   3.02526E+00   2.87358E+00   1.32600E-01   1.61568E-02   2.58549E-03   3.36781E-04
   2.60000E+01   5.98188E+00   2.99665E+00   2.98524E+00   2.84442E+00   1.24769E-01   1.37036E-02   2.09411E-03   2.50989E-04
   3.00000E+01   5.61911E+00   2.68721E+00   2.93190E+00   2.79995E+00   1.18676E-01   1.14453E-02   1.66280E-03   1.73588E-04
   3.30000E+01   5.35391E+00   2.46032E+00   2.89359E+00   2.76617E+00   1.15497E-01   1.03651E-02   1.42788E-03   1.35096E-04
   2.00000E+01   6.23963E+00   3.17411E+00   3.06552E+00   2.89674E+00   1.45280E-01   1.97077E-02   3.32047E-03   4.73924E-04
   1.60000E+01   6.05038E+00   2.91498E+00   3.13539E+00   2.92703E+00   1.74916E-01   2.75918E-02   5.04441E-03   8.14264E-04
   1.40000E+01   5.89402E+00   2.70818E+00   3.18584E+00   2.94618E+00   1.98449E-01   3.36768E-02   6.43647E-03   1.10127E-03
   1.80000E+01   6.17921E+00   3.08280E+00   3.09641E+00   2.91100E+00   1.57661E-01   2.30856E-02   4.04526E-03   6.18158E-04
   1.20000E+01   5.79288E+00   2.54383E+00   3.24905E+00   2.96911E+00   2.27904E-01   4.20589E-02   8.43466E-03   1.54405E-03
   1.00000E+01   5.87442E+00   2.55359E+00   3.32083E+00   2.99413E+00   2.60327E-01   5.29203E-02   1.12673E-02   2.18508E-03
   7.00000E+00   6.62476E+00   3.24527E+00   3.37948E+00   2.97953E+00   3.06284E-01   7.31254E-02   1.63201E-02   4.22586E-03
   8.00000E+00   6.27265E+00   2.90256E+00   3.37009E+00   2.99366E+00   2.91829E-01   6.64054E-02   1.47937E-02   3.40538E-03
   3.00000E+00   7.88511E+00   4.15895E+00   3.72616E+00   3.16452E+00   4.30058E-01   9.48906E-02   3.22785E-02   4.40978E-03
   6.00000E+00   7.08250E+00   3.67594E+00   3.40655E+00   2.98201E+00   3.23900E-01   7.81140E-02   1.78110E-02   4.71848E-03
   4.00000E+00   7.92852E+00   4.32220E+00   3.60633E+00   3.09632E+00   3.93143E-01   8.55714E-02   2.59175E-02   5.36847E-03
   5.00000E+00   7.58300E+00   4.09514E+00   3.48785E+00   3.02853E+00   3.52254E-01   8.16963E-02   2.04976E-02   4.87993E-03
   1.00000E+00   7.21419E+00   3.73513E+00   3.47906E+00   3.04001E+00   3.48496E-01   8.83159E-02   2.23114E-03   6.53996E-06
   1.30000E+00   6.99478E+00   3.47280E+00   3.52198E+00   3.03226E+00   3.67855E-01   1.14485E-01   7.31655E-03   6.73410E-05
   1.50000E+00   7.02619E+00   3.43174E+00   3.59445E+00   3.07645E+00   3.81878E-01   1.23692E-01   1.22393E-02   1.88918E-04
   2.00000E+00   7.34687E+00   3.60258E+00   3.74429E+00   3.17565E+00   4.18528E-01   1.24079E-01   2.50162E-02   1.01295E-03
   4.00000E-01   9.29453E+00   5.87299E+00   3.42154E+00   3.17706E+00   2.36341E-01   8.13555E-03   1.90585E-06   0.00000E+00
   1.00000E-01   1.22677E+01   9.22726E+00   3.04044E+00   3.00949E+00   3.09554E-02   0.00000E+00   0.00000E+00   0.00000E+00
   2.00000E-01   1.09550E+01   7.76227E+00   3.19276E+00   3.07655E+00   1.16020E-01   1.97138E-04   0.00000E+00   0.00000E+00
   7.00000E-01   7.90354E+00   4.39302E+00   3.51052E+00   3.14623E+00   3.17451E-01   4.65836E-02   2.56808E-04   6.39661E-08
   4.00000E-02   1.36019E+01   1.04418E+01   3.16007E+00   3.16007E+00   0.00000E+00   0.00000E+00   0.00000E+00   0.00000E+00
   2.00000E-02   1.45651E+01   1.09655E+01   3.59965E+00   3.59965E+00   0.00000E+00   0.00000E+00   0.00000E+00   0.00000E+00
   7.00000E-02   1.28216E+01   9.78776E+00   3.03385E+00   3.02399E+00   9.86414E-03   0.00000E+00   0.00000E+00   0.00000E+00
   1.00000E-02   1.57309E+01   1.12820E+01   4.44884E+00   4.44884E+00   0.00000E+00   0.00000E+00   0.00000E+00   0.00000E+00
   5.00000E-03   1.73101E+01   1.14736E+01   5.83647E+00   5.83647E+00   0.00000E+00   0.00000E+00   0.00000E+00   0.00000E+00
   1.00000E-03   2.39596E+01   1.16835E+01   1.22761E+01   1.22761E+01   0.00000E+00   0.00000E+00   0.00000E+00   0.00000E+00
