150.000000 10  5
 0.000000E+00          NaN          NaN          NaN          NaN          NaN
 0.200000E+02  0.28113E+00  0.40408E-01  0.32070E+00  0.58532E-01 -0.48591E+00
 0.400000E+02  0.87727E+00  0.57420E+00  0.42970E+00  0.37348E+00 -0.15395E-02
 0.600000E+02  0.96405E+00  0.59354E+00  0.18491E+00  0.33057E+00  0.39425E+00
 0.800000E+02  0.96820E+00  0.89837E+00  0.48628E+00  0.50750E+00  0.57808E+00
 0.100000E+03  0.62039E-01  0.64831E+00  0.95452E-01  0.72978E+00  0.63496E+00
 0.120000E+03  0.49724E+00 -0.18684E+00 -0.11986E+00 -0.12901E-01  0.26136E+00
 0.140000E+03 -0.35320E+00 -0.65929E-01  0.25481E+00  0.56703E-01 -0.62501E-01
 0.160000E+03  0.58444E+00  0.63766E+00 -0.37128E+00  0.23752E+00  0.21669E+00
 0.180000E+03  0.51711E-06  0.33255E-06 -0.33240E-06  0.14807E-06 -0.33309E-06
160.000000 10  5
 0.000000E+00          NaN          NaN          NaN          NaN          NaN
 0.200000E+02  0.31447E+00  0.32542E-01  0.26040E+00  0.54825E-01 -0.47104E+00
 0.400000E+02  0.97670E+00  0.58263E+00  0.66832E+00  0.25784E+00  0.35214E+00
 0.600000E+02  0.85992E+00  0.40212E+00  0.35788E+00  0.21759E+00  0.26832E+00
 0.800000E+02  0.96093E+00  0.56033E+00  0.67921E+00  0.75653E+00  0.44563E+00
 0.100000E+03  0.14926E+00  0.54304E+00  0.31665E+00  0.15316E+00  0.60393E+00
 0.120000E+03  0.47081E+00 -0.49593E+00  0.19434E+00  0.30491E+00 -0.34549E+00
 0.140000E+03  0.15774E+00 -0.28029E+00  0.33001E-01  0.19465E+00  0.48963E-01
 0.160000E+03 -0.78605E+00 -0.45869E-01  0.86926E-02  0.69440E-01 -0.62270E-01
 0.180000E+03 -0.79533E-06 -0.51237E-07 -0.84392E-07  0.20385E-06 -0.99208E-07
180.000000 10  5
 0.000000E+00          NaN          NaN          NaN          NaN          NaN
 0.200000E+02  0.58786E+00  0.94083E+00  0.18125E+00  0.29518E-01 -0.16187E+00
 0.400000E+02  0.49249E+00  0.64606E+00  0.21987E+00  0.82642E-01  0.12831E+00
 0.600000E+02  0.44643E+00  0.46837E+00  0.39758E+00  0.49131E+00 -0.17694E+00
 0.800000E+02  0.57263E+00  0.80696E-01  0.14755E+00  0.63214E+00  0.76659E+00
 0.100000E+03  0.31709E+00  0.62064E+00 -0.13789E+00  0.49357E+00  0.37480E+00
 0.120000E+03 -0.27615E+00 -0.18823E+00 -0.12564E+00  0.10527E+00  0.77352E-01
 0.140000E+03 -0.39369E+00  0.17210E+00 -0.17343E-01  0.32589E+00  0.21362E+00
 0.160000E+03  0.18949E+00 -0.18223E+00  0.17874E+00 -0.26703E+00 -0.17912E+00
 0.180000E+03 -0.39667E-06 -0.63084E-06  0.34099E-06 -0.19502E-06  0.20102E-06
200.000000 10  5
 0.000000E+00          NaN          NaN          NaN          NaN          NaN
 0.200000E+02  0.85783E+00  0.49817E+00  0.13177E+00  0.74609E-02 -0.25651E-01
 0.400000E+02 -0.12299E+00  0.69374E+00  0.30613E+00  0.32387E+00 -0.15720E-01
 0.600000E+02  0.57363E+00 -0.26167E+00  0.50254E+00  0.39324E+00  0.39690E+00
 0.800000E+02  0.88613E+00 -0.58804E+00  0.71241E+00  0.37484E+00  0.52598E+00
 0.100000E+03  0.10794E-02  0.14558E+00  0.85289E-01 -0.11632E+00  0.27149E+00
 0.120000E+03  0.17375E+00 -0.29468E+00 -0.66286E-01  0.91485E-01 -0.11700E+00
 0.140000E+03  0.37621E+00 -0.59547E-02 -0.49065E-01  0.79361E-01  0.37667E+00
 0.160000E+03 -0.84923E-01  0.62678E-01  0.14449E-01 -0.14280E+00 -0.29658E+00
 0.180000E+03  0.82579E-06 -0.33132E-06  0.27863E-06 -0.16556E-06  0.16295E-06
130.000000 10  5
 0.000000E+00          NaN          NaN          NaN          NaN          NaN
 0.200000E+02  0.86210E+00  0.16554E+00  0.48432E+00 -0.55894E-01 -0.36532E+00
 0.400000E+02  0.25883E+00  0.77920E+00  0.38848E+00  0.46702E+00 -0.65193E-01
 0.600000E+02  0.51507E-01  0.10010E+00  0.47847E+00  0.60994E+00  0.22056E-01
 0.800000E+02  0.54671E+00  0.25278E+00  0.58756E+00  0.73402E+00  0.25180E+00
 0.100000E+03 -0.35175E+00  0.59683E+00  0.90278E+00  0.76431E+00  0.55621E+00
 0.120000E+03 -0.65522E+00  0.37415E+00 -0.20592E+00  0.51642E+00 -0.21110E+00
 0.140000E+03 -0.86530E-02 -0.76090E+00  0.31306E+00 -0.26969E+00 -0.19364E-01
 0.160000E+03  0.93545E-01  0.21318E+00 -0.14090E+00 -0.23989E-01 -0.45730E-01
 0.180000E+03  0.33993E-06  0.39269E-06 -0.22836E-06 -0.19913E-06  0.14163E-06
115.000000 10  5
 0.000000E+00          NaN          NaN          NaN          NaN          NaN
 0.200000E+02  0.76672E+00  0.25296E+00  0.23060E+00 -0.20311E+00 -0.29047E+00
 0.400000E+02  0.84892E+00  0.63159E+00  0.57470E+00 -0.18530E-01  0.59665E-01
 0.600000E+02  0.83077E+00  0.88839E+00  0.42517E+00  0.28537E+00  0.30370E+00
 0.800000E+02  0.98048E+00  0.81104E+00  0.55605E+00  0.44414E+00  0.52591E+00
 0.100000E+03  0.14562E+00  0.91909E+00  0.88660E+00  0.72386E+00  0.59644E+00
 0.120000E+03  0.95716E+00  0.50445E+00  0.56173E+00  0.46289E+00  0.66477E+00
 0.140000E+03  0.17419E+00  0.37570E+00 -0.44175E+00  0.77944E-01  0.17548E+00
 0.160000E+03  0.84879E+00  0.30792E+00 -0.21965E-03  0.36487E-01  0.55011E-01
 0.180000E+03  0.12038E-05  0.62403E-06 -0.26485E-06  0.41689E-06  0.23634E-06
100.000000 10  5
 0.000000E+00          NaN          NaN          NaN          NaN          NaN
 0.200000E+02  0.40756E+00  0.32298E+00 -0.12955E+00 -0.22147E+00 -0.22316E+00
 0.400000E+02  0.89287E+00  0.59894E+00  0.31891E+00  0.15941E+00  0.19703E+00
 0.600000E+02  0.93501E+00  0.72129E+00  0.55857E+00  0.48982E+00  0.40612E+00
 0.800000E+02  0.49592E+00  0.59165E+00  0.53121E+00  0.67086E+00  0.13677E+00
 0.100000E+03  0.91218E+00  0.92375E+00  0.72557E+00  0.56737E+00  0.56334E+00
 0.120000E+03  0.84342E+00  0.79009E+00  0.75219E+00  0.86872E+00  0.37480E+00
 0.140000E+03 -0.71237E+00  0.73052E+00  0.54311E-01  0.51527E+00 -0.92872E-01
 0.160000E+03  0.34176E+00  0.18604E+00  0.72604E-01  0.35647E+00  0.32995E+00
 0.180000E+03 -0.50186E-06  0.54941E-06  0.79921E-07 -0.43376E-06  0.28818E-06
 95.000000 10  5
 0.000000E+00          NaN          NaN          NaN          NaN          NaN
 0.200000E+02  0.32199E+00  0.33925E+00 -0.12724E+00 -0.20929E+00 -0.19461E+00
 0.400000E+02  0.81703E+00  0.58929E+00  0.22485E+00  0.22430E+00  0.23470E+00
 0.600000E+02  0.85864E+00  0.73274E+00  0.43059E+00  0.60800E+00 -0.96130E-01
 0.800000E+02  0.66501E+00  0.87273E+00  0.51709E+00  0.73547E+00  0.23934E+00
 0.100000E+03  0.79484E+00  0.86562E+00  0.86949E+00  0.54365E+00  0.74290E+00
 0.120000E+03  0.70908E+00  0.90595E+00  0.82771E+00  0.87081E+00  0.56090E+00
 0.140000E+03 -0.70235E+00  0.69301E+00  0.57624E+00  0.64366E+00  0.42766E+00
 0.160000E+03 -0.15020E-02  0.60659E+00  0.32131E+00  0.34503E+00  0.19271E+00
 0.180000E+03 -0.18151E-05  0.71447E-06 -0.34731E-06 -0.47126E-06  0.28297E-06
 90.000000 10  5
 0.000000E+00          NaN          NaN          NaN          NaN          NaN
 0.200000E+02  0.25159E+00  0.34914E+00 -0.10893E+00 -0.19440E+00 -0.16157E+00
 0.400000E+02  0.75277E+00  0.57237E+00  0.19129E+00  0.29623E+00  0.16593E+00
 0.600000E+02  0.81805E+00  0.86226E+00  0.39982E+00  0.69234E+00 -0.55710E-01
 0.800000E+02  0.89195E+00  0.92262E+00  0.60810E+00  0.44934E+00  0.36205E+00
 0.100000E+03  0.62519E+00  0.77057E+00  0.79276E+00  0.60774E+00  0.57869E+00
 0.120000E+03  0.58593E+00  0.94620E+00  0.92706E+00  0.60981E+00  0.68669E+00
 0.140000E+03  0.44682E+00  0.72504E+00  0.77205E+00  0.53946E+00  0.70680E+00
 0.160000E+03 -0.56543E+00  0.44709E+00  0.18607E+00  0.17609E+00  0.29144E+00
 0.180000E+03  0.65905E-06 -0.40474E-06  0.50464E-06  0.43936E-06 -0.14293E-06
 85.000000 10  5
 0.000000E+00          NaN          NaN          NaN          NaN          NaN
 0.200000E+02  0.19294E+00  0.35043E+00 -0.87602E-01 -0.17740E+00 -0.14605E+00
 0.400000E+02  0.71135E+00  0.52258E+00  0.17842E+00  0.37070E+00 -0.13812E+00
 0.600000E+02  0.86105E+00  0.85906E+00  0.43054E+00  0.28895E+00  0.33877E-01
 0.800000E+02  0.97849E+00  0.84968E+00  0.80185E+00  0.42429E+00  0.53624E+00
 0.100000E+03  0.63183E+00  0.79552E+00  0.63208E+00  0.73331E+00  0.27736E+00
 0.120000E+03  0.71512E+00  0.88163E+00  0.91027E+00  0.63871E+00  0.77706E+00
 0.140000E+03  0.66675E+00  0.91616E+00  0.90893E+00  0.76162E+00  0.70313E+00
 0.160000E+03 -0.23578E+00  0.70380E+00  0.40258E+00  0.33683E+00  0.20078E+00
 0.180000E+03 -0.16086E-05 -0.29484E-06 -0.34995E-06  0.20361E-06  0.38360E-06
 80.000000 10  5
 0.000000E+00          NaN          NaN          NaN          NaN          NaN
 0.200000E+02  0.14316E+00  0.34005E+00 -0.68821E-01 -0.15484E+00 -0.96459E-01
 0.400000E+02  0.69781E+00  0.40163E+00  0.17408E+00  0.41408E+00 -0.34260E+00
 0.600000E+02  0.94655E+00  0.72525E+00  0.52187E+00  0.10392E+00  0.11694E+00
 0.800000E+02  0.95226E+00  0.80107E+00  0.71040E+00  0.48648E+00  0.51740E+00
 0.100000E+03  0.85957E+00  0.92040E+00  0.64432E+00  0.68557E+00  0.37121E+00
 0.120000E+03  0.76843E+00  0.87634E+00  0.79195E+00  0.75513E+00  0.40638E+00
 0.140000E+03  0.91677E+00  0.96671E+00  0.89910E+00  0.84200E+00  0.35609E+00
 0.160000E+03  0.90086E+00  0.93236E+00  0.49071E+00  0.46428E+00 -0.15753E-02
 0.180000E+03 -0.41060E-06 -0.48733E-06  0.22275E-06  0.18007E-06 -0.19551E-06
 75.000000 10  5
 0.000000E+00          NaN          NaN          NaN          NaN          NaN
 0.200000E+02  0.10046E+00  0.31139E+00 -0.56778E-01 -0.12882E+00 -0.59451E-01
 0.400000E+02  0.70630E+00  0.26800E+00  0.18046E+00  0.30710E+00 -0.35213E+00
 0.600000E+02  0.95920E+00  0.62967E+00  0.62258E+00  0.15337E+00  0.20661E+00
 0.800000E+02  0.89648E+00  0.84340E+00  0.48140E+00  0.58937E+00  0.18289E-01
 0.100000E+03  0.95093E+00  0.88998E+00  0.78760E+00  0.48935E+00  0.52986E+00
 0.120000E+03  0.93383E+00  0.92275E+00  0.73406E+00  0.80735E+00  0.44755E+00
 0.140000E+03  0.88437E+00  0.95088E+00  0.83414E+00  0.87307E+00  0.48845E+00
 0.160000E+03  0.66427E+00  0.84181E+00  0.62317E+00  0.34112E+00  0.55320E+00
 0.180000E+03  0.90600E-06  0.99020E-07 -0.40198E-06 -0.24486E-07 -0.56900E-07
 70.000000 10  5
 0.000000E+00          NaN          NaN          NaN          NaN          NaN
 0.200000E+02  0.62630E-01  0.25578E+00 -0.53190E-01 -0.98036E-01 -0.38045E-01
 0.400000E+02  0.71273E+00  0.21472E+00  0.19574E+00 -0.90312E-02 -0.30755E+00
 0.600000E+02  0.88551E+00  0.56952E+00  0.43512E+00  0.23222E+00  0.27986E+00
 0.800000E+02  0.89873E+00  0.92551E+00  0.46213E+00  0.57392E+00  0.61925E-01
 0.100000E+03  0.91222E+00  0.85085E+00  0.80208E+00  0.51704E+00  0.51913E+00
 0.120000E+03  0.93187E+00  0.88696E+00  0.79490E+00  0.57877E+00  0.59911E+00
 0.140000E+03  0.78496E+00  0.94965E+00  0.85717E+00  0.67870E+00  0.68100E+00
 0.160000E+03  0.31231E+00  0.89553E+00  0.62171E+00  0.34115E+00  0.43590E+00
 0.180000E+03 -0.57694E-07  0.19542E-06 -0.10414E-07 -0.21902E-06  0.63954E-07
 65.000000 10  5
 0.000000E+00          NaN          NaN          NaN          NaN          NaN
 0.200000E+02  0.27643E-01  0.16104E+00 -0.58761E-01 -0.64299E-01  0.22778E-01
 0.400000E+02  0.65444E+00  0.20158E+00  0.21644E+00 -0.26361E+00 -0.26669E+00
 0.600000E+02  0.79784E+00  0.53736E+00  0.19938E+00  0.30802E+00  0.11852E+00
 0.800000E+02  0.96182E+00  0.78706E+00  0.54141E+00  0.26187E+00  0.19430E+00
 0.100000E+03  0.85765E+00  0.91446E+00  0.56326E+00  0.62469E+00  0.12621E+00
 0.120000E+03  0.83073E+00  0.86717E+00  0.83421E+00  0.59252E+00  0.56458E+00
 0.140000E+03  0.80069E+00  0.90625E+00  0.90166E+00  0.62649E+00  0.66859E+00
 0.160000E+03  0.98445E+00  0.90666E+00  0.47582E+00  0.48318E+00 -0.22289E-01
 0.180000E+03  0.30548E-06  0.64887E-07 -0.37687E-06  0.28996E-07 -0.26125E-06
 60.000000 10  5
 0.000000E+00          NaN          NaN          NaN          NaN          NaN
 0.200000E+02 -0.61967E-02  0.20335E-01 -0.75050E-01 -0.31560E-01  0.20171E-01
 0.400000E+02  0.47182E+00  0.19076E+00  0.19110E+00 -0.33076E+00 -0.21859E+00
 0.600000E+02  0.74363E+00  0.50297E+00  0.14464E+00  0.34099E+00 -0.23591E+00
 0.800000E+02  0.96567E+00  0.64624E+00  0.58984E+00  0.25158E+00  0.30880E+00
 0.100000E+03  0.90433E+00  0.93392E+00  0.54764E+00  0.51673E+00  0.20723E+00
 0.120000E+03  0.78582E+00  0.93159E+00  0.66003E+00  0.68835E+00  0.28834E+00
 0.140000E+03  0.82877E+00  0.90536E+00  0.73753E+00  0.70143E+00  0.32234E+00
 0.160000E+03  0.87203E+00  0.87109E+00  0.44868E+00  0.34277E+00  0.40747E+00
 0.180000E+03  0.15790E-06 -0.14496E-06 -0.15821E-06 -0.31851E-06  0.16923E-07
 55.000000 10  5
 0.000000E+00          NaN          NaN          NaN          NaN          NaN
 0.200000E+02 -0.41357E-01 -0.13514E+00 -0.10100E+00 -0.59819E-02  0.30967E-01
 0.400000E+02  0.22683E+00  0.17362E+00  0.21078E-01 -0.31176E+00 -0.17584E+00
 0.600000E+02  0.72180E+00  0.37981E+00  0.17270E+00  0.15383E+00 -0.31787E+00
 0.800000E+02  0.89374E+00  0.58990E+00  0.32153E+00  0.32728E+00  0.11096E+00
 0.100000E+03  0.99202E+00  0.77112E+00  0.63072E+00  0.32860E+00  0.33217E+00
 0.120000E+03  0.89301E+00  0.93804E+00  0.67918E+00  0.55484E+00  0.36515E+00
 0.140000E+03  0.90191E+00  0.87010E+00  0.70328E+00  0.56478E+00  0.42510E+00
 0.160000E+03  0.90547E+00  0.88815E+00  0.39701E+00  0.34238E+00  0.56491E+00
 0.180000E+03 -0.15782E-06 -0.22119E-06 -0.22049E-06 -0.18904E-06 -0.57964E-06
 50.000000 10  5
 0.000000E+00          NaN          NaN          NaN          NaN          NaN
 0.200000E+02 -0.81400E-01 -0.23210E+00 -0.13417E+00  0.64425E-02  0.39668E-01
 0.400000E+02  0.35271E-01  0.14752E+00 -0.18962E+00 -0.26927E+00 -0.12419E+00
 0.600000E+02  0.66330E+00  0.22289E+00  0.23204E+00 -0.17039E+00 -0.28825E+00
 0.800000E+02  0.84311E+00  0.56097E+00  0.19887E+00  0.32896E+00 -0.24298E+00
 0.100000E+03  0.97472E+00  0.69444E+00  0.43418E+00  0.38965E+00  0.74393E-01
 0.120000E+03  0.97283E+00  0.84961E+00  0.72988E+00  0.45822E+00  0.32028E+00
 0.140000E+03  0.86774E+00  0.81506E+00  0.71499E+00  0.51000E+00  0.33560E+00
 0.160000E+03  0.96451E+00  0.87339E+00  0.29524E+00  0.37968E+00  0.34221E+00
 0.180000E+03 -0.92334E-07 -0.22495E-06 -0.36462E-06 -0.33885E-06 -0.54830E-06
 45.000000 10  5
 0.000000E+00          NaN          NaN          NaN          NaN          NaN
 0.200000E+02 -0.13335E+00 -0.24423E+00 -0.17122E+00  0.62817E-02  0.59326E-02
 0.400000E+02 -0.81592E-01  0.10471E+00 -0.30045E+00 -0.21496E+00 -0.78608E-01
 0.600000E+02  0.40971E+00  0.15063E+00  0.18826E+00 -0.22012E+00 -0.26024E+00
 0.800000E+02  0.81035E+00  0.37262E+00  0.24530E+00 -0.10047E-01 -0.20207E+00
 0.100000E+03  0.95709E+00  0.64969E+00  0.27866E+00  0.31920E+00 -0.14893E+00
 0.120000E+03  0.95978E+00  0.86051E+00  0.46013E+00  0.40150E+00 -0.79749E-01
 0.140000E+03  0.81257E+00  0.85937E+00  0.53274E+00  0.48464E+00  0.97815E-01
 0.160000E+03  0.85719E+00  0.85101E+00  0.23161E+00  0.26460E+00  0.24247E+00
 0.180000E+03 -0.18423E-06 -0.40435E-06 -0.35908E-06 -0.47235E-06 -0.78834E-06
 40.000000 10  5
 0.000000E+00          NaN          NaN          NaN          NaN          NaN
 0.200000E+02 -0.21656E+00 -0.21246E+00 -0.20629E+00 -0.86090E-02 -0.52270E-01
 0.400000E+02 -0.15882E+00  0.17760E-01 -0.34619E+00 -0.17287E+00 -0.42014E-01
 0.600000E+02  0.57267E-01  0.11451E+00 -0.17389E+00 -0.16956E+00 -0.17940E+00
 0.800000E+02  0.54740E+00  0.19251E+00  0.21572E+00 -0.13050E+00 -0.81409E-01
 0.100000E+03  0.88217E+00  0.40243E+00  0.29929E+00 -0.29438E-01 -0.43363E-01
 0.120000E+03  0.99873E+00  0.66261E+00  0.40062E+00  0.18202E-01  0.10263E-02
 0.140000E+03  0.95530E+00  0.73445E+00  0.44172E+00  0.28822E+00  0.65961E-01
 0.160000E+03  0.86748E+00  0.75013E+00  0.12279E+00  0.13368E+00  0.29060E+00
 0.180000E+03 -0.21814E-06 -0.39605E-06 -0.38037E-06 -0.44638E-06 -0.50518E-06
 36.000000 10  5
 0.000000E+00          NaN          NaN          NaN          NaN          NaN
 0.200000E+02 -0.35179E+00 -0.17792E+00 -0.22773E+00 -0.26585E-01 -0.13631E+00
 0.400000E+02 -0.21568E+00 -0.12412E+00 -0.37135E+00 -0.13204E+00 -0.52115E-02
 0.600000E+02 -0.97718E-01  0.75050E-01 -0.35976E+00 -0.10535E+00 -0.11314E+00
 0.800000E+02  0.17407E+00  0.15661E+00 -0.11609E+00 -0.65758E-01 -0.11900E+00
 0.100000E+03  0.51198E+00  0.27932E+00  0.12289E+00 -0.59109E-01 -0.11904E+00
 0.120000E+03  0.80812E+00  0.38970E+00  0.20048E+00  0.42223E-01 -0.20970E+00
 0.140000E+03  0.97976E+00  0.60209E+00  0.17558E+00  0.27909E+00 -0.56037E-01
 0.160000E+03  0.74398E+00  0.67803E+00  0.27382E-01  0.19497E-01  0.78035E-01
 0.180000E+03 -0.18676E-06 -0.51583E-06 -0.25135E-06 -0.51290E-06 -0.36378E-06
 33.000000 10  5
 0.000000E+00          NaN          NaN          NaN          NaN          NaN
 0.200000E+02 -0.47473E+00 -0.14766E+00 -0.24298E+00 -0.42224E-01 -0.17668E+00
 0.400000E+02 -0.26546E+00 -0.22956E+00 -0.38572E+00 -0.11893E+00 -0.47848E-01
 0.600000E+02 -0.15531E+00  0.15586E-01 -0.37463E+00 -0.10379E+00 -0.17015E+00
 0.800000E+02  0.21911E-01  0.14165E+00 -0.25687E+00 -0.59750E-01 -0.31813E+00
 0.100000E+03  0.29272E+00  0.22544E+00 -0.11546E+00 -0.91503E-02 -0.35362E+00
 0.120000E+03  0.60199E+00  0.26508E+00 -0.98576E-01  0.12138E+00 -0.40642E+00
 0.140000E+03  0.95277E+00  0.48759E+00  0.15791E-01  0.15135E+00 -0.73748E-01
 0.160000E+03  0.68177E+00  0.66636E+00 -0.42124E-01 -0.44256E-01 -0.15458E+00
 0.180000E+03 -0.21515E-06 -0.35233E-06 -0.22567E-06 -0.34908E-06 -0.37590E-06
 30.000000 10  5
 0.000000E+00          NaN          NaN          NaN          NaN          NaN
 0.200000E+02  0.13180E+00 -0.11212E+00 -0.24499E+00 -0.69551E-01 -0.19651E+00
 0.400000E+02 -0.32864E+00 -0.26001E+00 -0.34278E+00 -0.11121E+00 -0.64543E-01
 0.600000E+02 -0.19244E+00 -0.11205E+00 -0.32760E+00 -0.10051E+00 -0.20435E+00
 0.800000E+02 -0.23975E-01  0.47199E-01 -0.25268E+00 -0.58277E-01 -0.36874E+00
 0.100000E+03  0.23135E+00  0.91966E-01 -0.19640E+00 -0.20566E-01 -0.34262E+00
 0.120000E+03  0.54688E+00  0.63148E-01 -0.17011E+00 -0.58736E-01 -0.30770E+00
 0.140000E+03  0.95028E+00  0.33149E+00 -0.82268E-01  0.34955E-01 -0.77710E-01
 0.160000E+03  0.79111E+00  0.60649E+00 -0.12901E+00 -0.72437E-01 -0.69171E-01
 0.180000E+03 -0.20960E-06 -0.26053E-06 -0.20285E-06 -0.18837E-06 -0.36330E-06
 23.000000 10  5
 0.000000E+00          NaN          NaN          NaN          NaN          NaN
 0.200000E+02  0.16290E-01  0.15841E-01 -0.22477E+00 -0.12145E+00 -0.13277E+00
 0.400000E+02  0.14143E+00 -0.19771E+00 -0.18189E+00 -0.13882E+00 -0.16394E+00
 0.600000E+02 -0.47870E-01 -0.26823E+00 -0.19819E+00 -0.17355E+00 -0.17096E+00
 0.800000E+02 -0.20313E-01 -0.26326E+00 -0.18912E+00 -0.27154E+00 -0.21443E+00
 0.100000E+03 -0.90073E-01 -0.14182E+00 -0.23032E+00 -0.30816E+00 -0.56756E-01
 0.120000E+03 -0.26894E+00  0.77325E-01 -0.31823E+00 -0.32220E+00  0.43226E-01
 0.140000E+03  0.64738E-01  0.32686E+00 -0.26561E+00  0.29991E-02 -0.71347E-01
 0.160000E+03  0.90516E+00  0.37001E+00 -0.11531E+00 -0.30169E+00  0.46484E+00
 0.180000E+03 -0.24469E-06  0.15643E-06 -0.37920E-07  0.90377E-07 -0.67671E-07
 26.000000 10  5
 0.000000E+00          NaN          NaN          NaN          NaN          NaN
 0.200000E+02  0.98319E-01 -0.47258E-01 -0.23980E+00 -0.10393E+00 -0.16124E+00
 0.400000E+02 -0.27154E+00 -0.23445E+00 -0.27020E+00 -0.13713E+00 -0.86033E-01
 0.600000E+02 -0.19929E+00 -0.28161E+00 -0.31036E+00 -0.16798E+00 -0.55340E-01
 0.800000E+02 -0.21522E-01 -0.24105E+00 -0.25394E+00 -0.23410E+00 -0.17114E+00
 0.100000E+03  0.20244E+00 -0.19126E+00 -0.20475E+00 -0.29976E+00 -0.81984E-01
 0.120000E+03  0.33734E+00 -0.76293E-01 -0.26275E+00 -0.29606E+00 -0.13147E+00
 0.140000E+03  0.19480E+00  0.29726E+00 -0.32446E+00  0.60347E-01 -0.14325E+00
 0.160000E+03  0.92765E+00  0.54173E+00 -0.16659E+00 -0.22537E+00  0.38004E+00
 0.180000E+03 -0.16205E-06 -0.89251E-07  0.22025E-06  0.15549E-06 -0.16270E-06
 20.000000 10  5
 0.000000E+00          NaN          NaN          NaN          NaN          NaN
 0.200000E+02 -0.41558E-01  0.56152E-01 -0.19333E+00 -0.15366E+00 -0.11709E+00
 0.400000E+02  0.17476E+00 -0.15409E+00 -0.14427E+00 -0.12534E+00 -0.15011E+00
 0.600000E+02  0.48950E+00 -0.20702E+00 -0.60717E-01 -0.92712E-01 -0.18916E+00
 0.800000E+02  0.42229E-02 -0.15639E+00 -0.98869E-01 -0.12119E+00 -0.27846E+00
 0.100000E+03 -0.60271E+00  0.49446E-02 -0.18458E+00 -0.13754E+00 -0.18681E+00
 0.120000E+03 -0.27930E+00  0.12106E+00 -0.81165E-01 -0.34745E+00  0.13961E+00
 0.140000E+03  0.38173E+00  0.56316E-01  0.11948E-01 -0.93684E-01 -0.53228E-01
 0.160000E+03 -0.29223E+00  0.22983E+00 -0.20670E+00  0.21611E+00  0.37737E+00
 0.180000E+03 -0.21228E-05 -0.17705E-05 -0.42170E-06 -0.91397E-07 -0.10259E-06
 16.000000 10  5
 0.000000E+00          NaN          NaN          NaN          NaN          NaN
 0.200000E+02 -0.79182E-01  0.65508E-01 -0.10633E+00 -0.10802E+00 -0.11555E-01
 0.400000E+02  0.54292E-01 -0.46719E-01 -0.12336E+00 -0.14145E+00 -0.18483E+00
 0.600000E+02  0.49230E+00 -0.58480E-01 -0.91725E-01 -0.18101E+00 -0.17052E+00
 0.800000E+02  0.68937E-02 -0.10330E-01 -0.23314E+00 -0.12714E+00 -0.31599E-01
 0.100000E+03 -0.34815E+00 -0.12177E+00 -0.19578E+00  0.80901E-01 -0.18902E+00
 0.120000E+03  0.34604E+00 -0.19540E+00  0.14301E+00 -0.42353E-01  0.26821E-01
 0.140000E+03 -0.28554E+00  0.61201E-01  0.73484E-01 -0.78391E-01 -0.12714E+00
 0.160000E+03  0.28921E+00  0.12847E+00 -0.24840E+00  0.43766E+00  0.37484E+00
 0.180000E+03 -0.25411E-06 -0.58713E-06 -0.51455E-06 -0.20813E-06 -0.19023E-06
 18.000000 10  5
 0.000000E+00          NaN          NaN          NaN          NaN          NaN
 0.200000E+02 -0.68218E-01  0.72554E-01 -0.15682E+00 -0.15034E+00 -0.12397E+00
 0.400000E+02  0.11118E+00 -0.11251E+00 -0.15719E+00 -0.15071E+00 -0.17447E+00
 0.600000E+02  0.57482E+00 -0.15914E+00 -0.93024E-01 -0.97677E-01 -0.12717E+00
 0.800000E+02  0.30270E-01 -0.86284E-01 -0.16096E+00 -0.65705E-01 -0.14083E+00
 0.100000E+03 -0.60174E+00 -0.62500E-02 -0.16874E+00  0.61732E-02 -0.22591E+00
 0.120000E+03 -0.43338E-01 -0.71772E-01  0.11547E+00 -0.24435E+00  0.92005E-01
 0.140000E+03  0.41060E+00 -0.66218E-01  0.10959E+00 -0.10598E+00 -0.10862E+00
 0.160000E+03 -0.24071E+00  0.27088E+00 -0.33295E+00  0.57684E+00  0.29874E+00
 0.180000E+03 -0.26162E-06 -0.74533E-06 -0.65364E-06 -0.16999E-06 -0.17924E-06
 14.000000 10  5
 0.000000E+00          NaN          NaN          NaN          NaN          NaN
 0.200000E+02 -0.64808E-01  0.33226E-01 -0.88632E-01 -0.14650E+00 -0.14973E-01
 0.400000E+02  0.33272E-02 -0.85299E-02 -0.10265E+00 -0.12909E+00 -0.99679E-01
 0.600000E+02  0.41228E+00  0.82292E-01 -0.38174E-01 -0.17415E+00 -0.22607E+00
 0.800000E+02 -0.80376E-01  0.60548E-01 -0.19516E+00 -0.19899E+00 -0.61001E-01
 0.100000E+03  0.34022E-01 -0.13747E+00 -0.18574E+00  0.97640E-02 -0.83112E-01
 0.120000E+03  0.68444E+00 -0.40414E-01 -0.58530E-01  0.81375E-01 -0.55794E-01
 0.140000E+03 -0.25252E+00  0.19791E+00  0.63875E-01 -0.92798E-01 -0.22661E-02
 0.160000E+03  0.77537E+00 -0.87340E-01  0.79603E-01  0.82953E-01  0.50538E+00
 0.180000E+03 -0.32321E-06  0.20049E-06 -0.60130E-06 -0.14919E-06 -0.12925E-06
 12.000000 10  5
 0.000000E+00          NaN          NaN          NaN          NaN          NaN
 0.200000E+02 -0.26820E-01  0.32538E-01 -0.41716E-01 -0.15036E+00 -0.14638E+00
 0.400000E+02 -0.51674E-01 -0.14537E-01 -0.12265E+00 -0.19461E+00 -0.98472E-01
 0.600000E+02  0.34619E+00  0.12956E+00 -0.63037E-01 -0.12855E+00 -0.16519E+00
 0.800000E+02 -0.10159E+00  0.81806E-01 -0.12818E+00 -0.18573E+00 -0.13726E+00
 0.100000E+03  0.26627E+00 -0.63604E-01 -0.11982E+00 -0.11854E+00 -0.36526E-01
 0.120000E+03  0.74582E-01  0.16042E+00 -0.18150E+00  0.51382E-01 -0.91255E-01
 0.140000E+03  0.44872E+00  0.15774E+00  0.83905E-01 -0.19233E+00  0.23750E+00
 0.160000E+03  0.30083E+00 -0.17193E+00  0.10936E+00 -0.11651E+00  0.29691E+00
 0.180000E+03 -0.36023E-06  0.40330E-06 -0.35362E-06 -0.55438E-07 -0.49848E-07
 10.000000 10  5
 0.000000E+00          NaN          NaN          NaN          NaN          NaN
 0.200000E+02  0.60337E-02  0.36935E-01  0.15904E-01 -0.98344E-01 -0.10519E+00
 0.400000E+02 -0.10490E+00  0.15747E-01 -0.79983E-01 -0.15473E+00 -0.22947E+00
 0.600000E+02  0.27315E+00  0.97218E-01 -0.11457E+00 -0.13925E+00 -0.14751E+00
 0.800000E+02 -0.52079E-01  0.87685E-01 -0.12645E+00 -0.16944E+00 -0.14442E+00
 0.100000E+03  0.40988E+00 -0.13396E-01 -0.97857E-01 -0.15914E+00 -0.43784E-01
 0.120000E+03 -0.36295E+00 -0.31154E-01  0.38831E-02 -0.42418E-01 -0.86081E-01
 0.140000E+03  0.85341E+00  0.31243E+00 -0.36505E-02 -0.26954E+00  0.24637E+00
 0.160000E+03 -0.56878E+00 -0.21768E+00  0.46737E-01  0.76089E-01  0.21327E+00
 0.180000E+03 -0.44245E-06  0.20469E-06  0.61217E-07 -0.42184E-07 -0.26935E-07
  7.000000 10  5
 0.000000E+00          NaN          NaN          NaN          NaN          NaN
 0.200000E+02  0.25274E-01  0.73762E-01  0.57628E-01 -0.12000E-01 -0.11495E+00
 0.400000E+02 -0.13375E+00 -0.12520E+00 -0.43355E-01  0.18193E-01 -0.16848E+00
 0.600000E+02  0.84258E+00  0.99804E-01 -0.61926E-01 -0.12466E+00 -0.32313E-01
 0.800000E+02 -0.52157E-01 -0.14397E+00  0.72999E-02 -0.13481E+00  0.29358E-01
 0.100000E+03  0.21411E+00  0.18794E+00 -0.17047E+00 -0.55970E-01 -0.97316E-01
 0.120000E+03 -0.22795E+00 -0.35416E+00  0.14722E+00 -0.14997E+00 -0.25449E+00
 0.140000E+03  0.43901E+00  0.59261E+00 -0.27786E+00 -0.45603E-01  0.26509E+00
 0.160000E+03 -0.28042E-01 -0.23001E+00  0.75889E-01  0.43662E+00  0.24791E+00
 0.180000E+03 -0.26182E-06 -0.11811E-06 -0.43019E-07 -0.90272E-07 -0.36177E-07
  8.000000 10  5
 0.000000E+00          NaN          NaN          NaN          NaN          NaN
 0.200000E+02  0.24649E-01  0.54779E-01  0.31098E-01 -0.61353E-01 -0.81343E-01
 0.400000E+02 -0.11872E+00 -0.44843E-01 -0.15590E-01 -0.36383E-01 -0.19133E+00
 0.600000E+02  0.50676E+00  0.78485E-01 -0.66172E-01 -0.91034E-01 -0.16576E+00
 0.800000E+02 -0.13792E-01 -0.29375E-01 -0.18235E-01 -0.15056E+00  0.15090E-02
 0.100000E+03  0.57231E+00  0.81902E-01 -0.14653E+00 -0.61027E-01 -0.10328E+00
 0.120000E+03 -0.23827E+00 -0.29715E+00  0.16551E+00 -0.12258E+00 -0.16553E+00
 0.140000E+03  0.98688E+00  0.62877E+00 -0.19685E+00 -0.18021E+00  0.19496E+00
 0.160000E+03 -0.31422E+00 -0.26462E+00  0.90594E-01  0.35455E+00  0.17238E+00
 0.180000E+03 -0.48261E-06 -0.64222E-07 -0.21742E-07 -0.76532E-07 -0.20296E-07
  6.000000 10  5
 0.000000E+00          NaN          NaN          NaN          NaN          NaN
 0.200000E+02  0.10578E-01 -0.17789E-01  0.20878E-01  0.45534E-01 -0.80364E-01
 0.400000E+02 -0.18294E+00 -0.13830E+00 -0.12225E+00 -0.39400E-01 -0.15779E-02
 0.600000E+02  0.49163E+00  0.10311E+00 -0.60005E-01 -0.18464E+00  0.11042E+00
 0.800000E+02 -0.14136E+00 -0.18096E+00 -0.65180E-01 -0.14222E+00  0.29361E-02
 0.100000E+03 -0.49209E+00  0.20238E+00 -0.12291E+00 -0.97569E-01 -0.59881E-01
 0.120000E+03 -0.21268E+00 -0.31050E+00  0.65907E-01 -0.14085E+00 -0.22455E+00
 0.140000E+03  0.16426E+00  0.38056E+00 -0.30895E+00  0.39542E-02  0.16853E+00
 0.160000E+03 -0.99513E-01 -0.22917E+00 -0.35690E-01  0.38029E+00  0.28312E+00
 0.180000E+03 -0.16965E-06 -0.12011E-06 -0.44899E-07 -0.68829E-07 -0.43401E-07
  3.000000 10  5
 0.000000E+00          NaN          NaN          NaN          NaN          NaN
 0.200000E+02  0.43692E-03  0.17947E+00  0.11602E-02 -0.13529E+00  0.67315E-01
 0.400000E+02  0.32347E-01  0.12700E+00  0.45374E-01 -0.17992E+00  0.13168E+00
 0.600000E+02  0.60606E-01  0.13731E+00  0.10789E+00 -0.16026E+00  0.18426E+00
 0.800000E+02  0.14136E+00  0.14690E+00  0.25791E+00 -0.14923E+00  0.22818E+00
 0.100000E+03  0.10712E+00 -0.18744E+00  0.19097E+00 -0.14768E+00  0.30184E+00
 0.120000E+03 -0.87283E+00  0.38054E+00 -0.72132E-01 -0.13609E+00  0.30873E+00
 0.140000E+03  0.87184E+00  0.26160E-01 -0.31659E+00  0.10030E+00  0.21065E+00
 0.160000E+03  0.43517E+00 -0.50406E+00  0.22260E+00  0.41311E+00  0.95940E-01
 0.180000E+03 -0.57261E-07  0.11173E-06 -0.18317E-06 -0.83715E-07 -0.12060E-07
  4.000000 10  5
 0.000000E+00          NaN          NaN          NaN          NaN          NaN
 0.200000E+02 -0.36812E-01 -0.25223E-01 -0.22004E+00 -0.13568E+00  0.55928E-01
 0.400000E+02 -0.88762E-01  0.13996E+00 -0.19974E+00 -0.25317E+00  0.55487E-01
 0.600000E+02  0.10278E+00  0.15253E-02 -0.61876E-01 -0.24198E+00  0.33717E-01
 0.800000E+02  0.29609E-02  0.54831E-01 -0.79829E-01 -0.16082E+00  0.34737E-01
 0.100000E+03 -0.12528E+00 -0.61061E-01  0.12632E+00 -0.12157E+00  0.79023E-01
 0.120000E+03  0.33336E+00  0.10426E+00 -0.54249E-01 -0.65023E-01  0.79360E-01
 0.140000E+03  0.28812E+00  0.79299E-01 -0.36611E+00  0.16883E+00 -0.61216E-02
 0.160000E+03  0.11121E+00 -0.59162E+00  0.21083E+00  0.19806E+00 -0.48134E-01
 0.180000E+03 -0.36102E-07 -0.32712E-07 -0.13587E-06 -0.28895E-07  0.78266E-08
  5.000000 10  5
 0.000000E+00          NaN          NaN          NaN          NaN          NaN
 0.200000E+02 -0.19357E-01 -0.13020E+00 -0.12424E+00 -0.44592E-01  0.14528E+00
 0.400000E+02 -0.17060E+00 -0.21332E-01 -0.20076E+00 -0.19084E+00  0.20832E+00
 0.600000E+02  0.25646E+00  0.39828E-01 -0.84627E-01 -0.24595E+00  0.68767E-01
 0.800000E+02 -0.16524E+00 -0.10416E+00 -0.13948E+00 -0.17907E+00 -0.14820E-01
 0.100000E+03 -0.47610E+00  0.76639E-01 -0.22438E-02 -0.12745E+00 -0.62877E-02
 0.120000E+03 -0.67455E-01 -0.18203E+00 -0.17578E-01 -0.82906E-01 -0.73293E-01
 0.140000E+03  0.14460E+00  0.17759E+00 -0.31555E+00  0.13503E-01 -0.16499E+00
 0.160000E+03 -0.49339E+00 -0.40580E+00 -0.69239E-01  0.18789E+00  0.91322E-01
 0.180000E+03 -0.66817E-07 -0.83103E-07 -0.65647E-07 -0.32454E-07 -0.23896E-07
  1.000000 10  5
 0.000000E+00          NaN          NaN          NaN          NaN          NaN
 0.200000E+02  0.72254E-01 -0.52578E-01  0.18264E+00  0.23345E-01 -0.53557E-01
 0.400000E+02  0.15171E+00 -0.10850E+00  0.29252E+00  0.32517E-01 -0.12952E+00
 0.600000E+02  0.21105E+00 -0.92764E-01  0.30053E+00  0.22594E-01 -0.14959E+00
 0.800000E+02 -0.40510E-01 -0.39371E-01  0.21625E+00  0.10263E-01  0.53595E-01
 0.100000E+03 -0.18729E+00  0.51524E-01  0.73924E-01  0.96032E-01  0.40840E+00
 0.120000E+03 -0.23295E+00  0.12200E+00 -0.69476E-01  0.30315E+00  0.55957E+00
 0.140000E+03 -0.32456E+00  0.37467E-01 -0.15578E+00  0.32647E+00  0.46711E+00
 0.160000E+03 -0.68358E+00 -0.92693E-02 -0.15753E+00  0.20873E+00  0.25646E+00
 0.180000E+03 -0.51568E-07  0.15222E-08  0.31150E-07 -0.30398E-07 -0.35048E-07
  1.300000 10  5
 0.000000E+00          NaN          NaN          NaN          NaN          NaN
 0.200000E+02  0.84188E-01  0.37487E-02  0.19328E+00  0.21624E-01  0.12074E+00
 0.400000E+02  0.17570E+00 -0.67826E-01  0.31210E+00  0.28460E-01  0.16589E+00
 0.600000E+02  0.24884E+00 -0.62108E-01  0.32218E+00  0.16688E-01  0.13634E+00
 0.800000E+02 -0.71053E-01 -0.71221E-01  0.23583E+00  0.25918E-02  0.24126E+00
 0.100000E+03 -0.11087E+00 -0.46623E-01  0.11142E+00  0.72722E-01  0.54558E+00
 0.120000E+03 -0.22935E+00  0.74526E-01  0.14022E-01  0.27879E+00  0.63453E+00
 0.140000E+03 -0.61294E+00  0.90403E-01 -0.19644E-01  0.32754E+00  0.47712E+00
 0.160000E+03  0.17386E-01  0.41031E-01  0.12470E-01  0.22297E+00  0.24179E+00
 0.180000E+03 -0.19069E-07 -0.56048E-08 -0.11148E-07 -0.33515E-07 -0.31999E-07
  1.500000 10  5
 0.000000E+00          NaN          NaN          NaN          NaN          NaN
 0.200000E+02  0.86542E-01 -0.31218E-01  0.17237E+00  0.21126E-01  0.18899E+00
 0.400000E+02  0.18341E+00 -0.43074E-01  0.28976E+00  0.25898E-01  0.28162E+00
 0.600000E+02  0.28894E+00 -0.15222E-01  0.31638E+00  0.84235E-02  0.26881E+00
 0.800000E+02  0.21259E-01 -0.70048E-01  0.24360E+00 -0.19471E-01  0.32899E+00
 0.100000E+03 -0.33844E-01 -0.10896E+00  0.13079E+00  0.22216E-01  0.57638E+00
 0.120000E+03 -0.23827E+00  0.73008E-01  0.50099E-01  0.22560E+00  0.62824E+00
 0.140000E+03 -0.80077E+00  0.12777E+00  0.36386E-01  0.30207E+00  0.47176E+00
 0.160000E+03  0.14714E+00  0.65623E-01  0.87574E-01  0.21841E+00  0.24659E+00
 0.180000E+03 -0.23462E-07 -0.90712E-08 -0.31566E-07 -0.33943E-07 -0.33212E-07
  2.000000 10  5
 0.000000E+00          NaN          NaN          NaN          NaN          NaN
 0.200000E+02  0.67946E-01 -0.47410E-02  0.12629E+00 -0.15809E-01  0.23094E+00
 0.400000E+02  0.15931E+00 -0.12229E-01  0.21473E+00 -0.30681E-01  0.37097E+00
 0.600000E+02  0.26168E+00  0.11013E+00  0.29370E+00 -0.56578E-01  0.42274E+00
 0.800000E+02  0.18785E+00  0.10972E-01  0.27235E+00 -0.98538E-01  0.48376E+00
 0.100000E+03  0.10729E+00 -0.19060E+00  0.15276E+00 -0.10655E+00  0.60265E+00
 0.120000E+03 -0.33412E+00  0.13352E+00  0.39349E-01  0.36637E-01  0.55468E+00
 0.140000E+03  0.36108E-01  0.12309E+00 -0.22346E-01  0.11968E+00  0.39402E+00
 0.160000E+03  0.31157E+00 -0.31331E-01  0.14923E-01  0.73309E-01  0.20402E+00
 0.180000E+03 -0.38927E-07  0.53102E-08 -0.14132E-07 -0.10147E-07 -0.27490E-07
  0.400000 10  4
 0.000000E+00          NaN          NaN          NaN          NaN
 0.200000E+02  0.44724E-01 -0.17303E-01  0.88527E-01  0.38661E-01
 0.400000E+02  0.91916E-01 -0.16996E-01  0.16701E+00  0.63632E-01
 0.600000E+02  0.13803E+00  0.85358E-02  0.21887E+00  0.47657E-01
 0.800000E+02  0.16545E+00  0.55412E-01  0.20945E+00 -0.80319E-01
 0.100000E+03  0.15111E+00  0.11450E+00  0.85980E-01 -0.32864E+00
 0.120000E+03  0.10467E+00  0.16528E+00 -0.15020E+00 -0.40080E+00
 0.140000E+03  0.60937E-01  0.12766E+00 -0.36615E+00 -0.28960E+00
 0.160000E+03  0.29546E-01  0.83503E-02 -0.36084E+00 -0.14252E+00
 0.180000E+03 -0.40077E-08  0.26391E-08  0.61741E-07  0.18675E-07
  0.100000 10  2
 0.000000E+00          NaN          NaN
 0.200000E+02  0.18906E-01  0.19936E-01
 0.400000E+02  0.36713E-01  0.37985E-01
 0.600000E+02  0.51988E-01  0.51284E-01
 0.800000E+02  0.62797E-01  0.54640E-01
 0.100000E+03  0.66891E-01  0.39397E-01
 0.120000E+03  0.62342E-01 -0.18518E-02
 0.140000E+03  0.48466E-01 -0.51984E-01
 0.160000E+03  0.26566E-01 -0.56788E-01
 0.180000E+03 -0.36418E-08  0.93666E-08
  0.200000 10  3
 0.000000E+00          NaN          NaN          NaN
 0.200000E+02  0.30828E-01  0.10721E-01  0.59109E-01
 0.400000E+02  0.61245E-01  0.24082E-01  0.11070E+00
 0.600000E+02  0.89468E-01  0.40764E-01  0.14169E+00
 0.800000E+02  0.11138E+00  0.58074E-01  0.12609E+00
 0.100000E+03  0.12106E+00  0.67388E-01  0.35971E-01
 0.120000E+03  0.11358E+00  0.49737E-01 -0.89800E-01
 0.140000E+03  0.88045E-01 -0.82532E-02 -0.14773E+00
 0.160000E+03  0.48022E-01 -0.44169E-01 -0.10468E+00
 0.180000E+03 -0.65692E-08  0.84894E-08  0.15365E-07
  0.700000 10  5
 0.000000E+00          NaN          NaN          NaN          NaN          NaN
 0.200000E+02  0.58658E-01 -0.56901E-01  0.13835E+00  0.26528E-01 -0.23168E+00
 0.400000E+02  0.12385E+00 -0.84423E-01  0.23313E+00  0.39045E-01 -0.25396E+00
 0.600000E+02  0.18190E+00 -0.57698E-01  0.25916E+00  0.29661E-01 -0.99894E-01
 0.800000E+02  0.12435E+00  0.13922E-01  0.20279E+00  0.14845E-01  0.14380E+00
 0.100000E+03 -0.56823E-01  0.11686E+00  0.55063E-01  0.11179E+00  0.36801E+00
 0.120000E+03 -0.15015E+00  0.20554E+00 -0.14804E+00  0.31946E+00  0.47430E+00
 0.140000E+03 -0.15569E+00  0.95906E-01 -0.30820E+00  0.32761E+00  0.43456E+00
 0.160000E+03 -0.89820E-01 -0.21127E-01 -0.32495E+00  0.19646E+00  0.26132E+00
 0.180000E+03  0.10652E-07  0.46361E-08  0.62561E-07 -0.27706E-07 -0.36981E-07
  0.040000 10  1
 0.000000E+00          NaN
 0.200000E+02  0.83822E-02
 0.400000E+02  0.15978E-01
 0.600000E+02  0.22000E-01
 0.800000E+02  0.25693E-01
 0.100000E+03  0.26429E-01
 0.120000E+03  0.23865E-01
 0.140000E+03  0.18099E-01
 0.160000E+03  0.97662E-02
 0.180000E+03 -0.13317E-08
  0.020000 10  1
 0.000000E+00          NaN
 0.200000E+02  0.41877E-02
 0.400000E+02  0.79247E-02
 0.600000E+02  0.10790E-01
 0.800000E+02  0.12429E-01
 0.100000E+03  0.12600E-01
 0.120000E+03  0.11223E-01
 0.140000E+03  0.84176E-02
 0.160000E+03  0.45094E-02
 0.180000E+03 -0.61334E-09
  0.070000 10  2
 0.000000E+00          NaN          NaN
 0.200000E+02  0.14038E-01  0.22425E-01
 0.400000E+02  0.27026E-01  0.42135E-01
 0.600000E+02  0.37781E-01  0.55437E-01
 0.800000E+02  0.44945E-01  0.56511E-01
 0.100000E+03  0.47142E-01  0.37160E-01
 0.120000E+03  0.43343E-01 -0.69099E-02
 0.140000E+03  0.33350E-01 -0.55232E-01
 0.160000E+03  0.18164E-01 -0.57411E-01
 0.180000E+03 -0.24847E-08  0.94078E-08
  0.010000 10  1
 0.000000E+00          NaN
 0.200000E+02  0.20327E-02
 0.400000E+02  0.38326E-02
 0.600000E+02  0.51891E-02
 0.800000E+02  0.59365E-02
 0.100000E+03  0.59746E-02
 0.120000E+03  0.52855E-02
 0.140000E+03  0.39422E-02
 0.160000E+03  0.21043E-02
 0.180000E+03 -0.28585E-09
  0.005000 10  1
 0.000000E+00          NaN
 0.200000E+02  0.98001E-03
 0.400000E+02  0.18446E-02
 0.600000E+02  0.24909E-02
 0.800000E+02  0.28404E-02
 0.100000E+03  0.28489E-02
 0.120000E+03  0.25122E-02
 0.140000E+03  0.18689E-02
 0.160000E+03  0.99587E-03
 0.180000E+03 -0.13520E-09
  0.001000 10  1
 0.000000E+00          NaN
 0.200000E+02  0.18307E-03
 0.400000E+02  0.34414E-03
 0.600000E+02  0.46384E-03
 0.800000E+02  0.52771E-03
 0.100000E+03  0.52799E-03
 0.120000E+03  0.46453E-03
 0.140000E+03  0.34492E-03
 0.160000E+03  0.18357E-03
 0.180000E+03 -0.24912E-10
