0.160000E+03 64
 0.95057600 0.95047863 0.94995253 0.94929480 0.94868763 0.94724677
 0.94580178 0.94365963 0.94112434 0.93797360 0.93425703 0.92968116
 0.92403964 0.91730135 0.90855272 0.89722058 0.88277737 0.86355693
 0.83685463 0.79863409 0.74446695 0.67160669 0.58066021 0.47786605
 0.37407358 0.27913576 0.19887991 0.13591386 0.09002426 0.05833734
 0.03688315 0.02238143 0.01276534 0.00673078 0.00325036 0.00143275
 0.00031562 0.00000000 0.00000000 0.00000000 0.00000000 0.00000000
 0.00000000 0.00000000 0.00000000 0.00000000 0.00000000 0.00000000
 0.00000000 0.00000000 0.00000000 0.00000000 0.00000000 0.00000000
 0.00000000 0.00000000 0.00000000 0.00000000 0.00000000 0.00000000
 0.00000000 0.00000000 0.00000000 0.00000000 0.00000000
0.150000E+03 62
 0.95066460 0.95096637 0.94997457 0.94983760 0.94877251 0.94762269
 0.94593339 0.94378586 0.94111882 0.93790784 0.93408656 0.92925067
 0.92357694 0.91652052 0.90722450 0.89554193 0.88077387 0.86061369
 0.83041811 0.78384206 0.71565314 0.62481342 0.51727846 0.40538382
 0.30154563 0.21346760 0.14445245 0.09437934 0.06018426 0.03747785
 0.02247893 0.01272243 0.00667524 0.00321205 0.00141113 0.00030645
 0.00000000 0.00000000 0.00000000 0.00000000 0.00000000 0.00000000
 0.00000000 0.00000000 0.00000000 0.00000000 0.00000000 0.00000000
 0.00000000 0.00000000 0.00000000 0.00000000 0.00000000 0.00000000
 0.00000000 0.00000000 0.00000000 0.00000000 0.00000000 0.00000000
 0.00000000 0.00000000 0.00000000
0.180000E+03 66
 0.94948709 0.94912499 0.94880470 0.94814021 0.94749231 0.94631642
 0.94479691 0.94284658 0.94037388 0.93748316 0.93393952 0.92968245
 0.92454766 0.91811874 0.91032026 0.90027792 0.88712947 0.86994725
 0.84670493 0.81567590 0.77557808 0.72484621 0.66219235 0.58666838
 0.49965981 0.40742604 0.31829494 0.23838108 0.17130541 0.11891825
 0.08062920 0.05361079 0.03457506 0.02118272 0.01208493 0.00633718
 0.00303653 0.00132822 0.00029709 0.00000000 0.00000000 0.00000000
 0.00000000 0.00000000 0.00000000 0.00000000 0.00000000 0.00000000
 0.00000000 0.00000000 0.00000000 0.00000000 0.00000000 0.00000000
 0.00000000 0.00000000 0.00000000 0.00000000 0.00000000 0.00000000
 0.00000000 0.00000000 0.00000000 0.00000000 0.00000000 0.00000000
 0.00000000
0.200000E+03 69
 0.94746229 0.94758546 0.94689281 0.94649620 0.94585113 0.94459802
 0.94331481 0.94134767 0.93911661 0.93629494 0.93302275 0.92904628
 0.92421693 0.91845978 0.91118148 0.90226111 0.89083794 0.87575447
 0.85584043 0.82888519 0.79379999 0.75140069 0.70238146 0.64672209
 0.58299224 0.50956073 0.42884101 0.34719354 0.27049361 0.20259326
 0.14634364 0.10299778 0.07123138 0.04809222 0.03112677 0.01888826
 0.01057425 0.00541630 0.00253245 0.00061807 0.00000000 0.00000000
 0.00000000 0.00000000 0.00000000 0.00000000 0.00000000 0.00000000
 0.00000000 0.00000000 0.00000000 0.00000000 0.00000000 0.00000000
 0.00000000 0.00000000 0.00000000 0.00000000 0.00000000 0.00000000
 0.00000000 0.00000000 0.00000000 0.00000000 0.00000000 0.00000000
 0.00000000 0.00000000 0.00000000 0.00000000
0.130000E+03 59
 0.95080425 0.95016402 0.95010474 0.94892879 0.94854041 0.94682771
 0.94531673 0.94293760 0.94016861 0.93683251 0.93255145 0.92773564
 0.92181067 0.91387557 0.90426909 0.89341522 0.87844451 0.85130076
 0.80078394 0.71806892 0.60468455 0.47554106 0.35045603 0.24344152
 0.16038329 0.10125150 0.06203901 0.03708788 0.02143723 0.01175742
 0.00600510 0.00281985 0.00120972 0.00025125 0.00000000 0.00000000
 0.00000000 0.00000000 0.00000000 0.00000000 0.00000000 0.00000000
 0.00000000 0.00000000 0.00000000 0.00000000 0.00000000 0.00000000
 0.00000000 0.00000000 0.00000000 0.00000000 0.00000000 0.00000000
 0.00000000 0.00000000 0.00000000 0.00000000 0.00000000 0.00000000
0.115000E+03 56
 0.94911291 0.94926359 0.94832425 0.94795840 0.94672912 0.94540118
 0.94347975 0.94103924 0.93828569 0.93457224 0.93041216 0.92575520
 0.91929108 0.91125981 0.90365756 0.89462663 0.87438552 0.82691723
 0.73758873 0.60813209 0.46129734 0.32438643 0.21362113 0.13314058
 0.07963284 0.04627568 0.02614717 0.01417877 0.00723872 0.00342222
 0.00148297 0.00030670 0.00000000 0.00000000 0.00000000 0.00000000
 0.00000000 0.00000000 0.00000000 0.00000000 0.00000000 0.00000000
 0.00000000 0.00000000 0.00000000 0.00000000 0.00000000 0.00000000
 0.00000000 0.00000000 0.00000000 0.00000000 0.00000000 0.00000000
 0.00000000 0.00000000 0.00000000
0.100000E+03 53
 0.94635674 0.94576851 0.94550736 0.94439131 0.94350439 0.94190328
 0.93983657 0.93761270 0.93453458 0.93080965 0.92732014 0.92246438
 0.91558572 0.91039171 0.90717018 0.89481448 0.85095045 0.75188298
 0.60006643 0.43144685 0.28390713 0.17408184 0.10107959 0.05650620
 0.03069252 0.01610910 0.00803608 0.00374137 0.00160386 0.00032412
 0.00000000 0.00000000 0.00000000 0.00000000 0.00000000 0.00000000
 0.00000000 0.00000000 0.00000000 0.00000000 0.00000000 0.00000000
 0.00000000 0.00000000 0.00000000 0.00000000 0.00000000 0.00000000
 0.00000000 0.00000000 0.00000000 0.00000000 0.00000000 0.00000000
0.950000E+02 52
 0.94473405 0.94420595 0.94389355 0.94275050 0.94187688 0.94017047
 0.93812820 0.93596235 0.93273213 0.92921528 0.92603404 0.92090564
 0.91437459 0.91124052 0.90914818 0.89200131 0.83141833 0.70583847
 0.53366109 0.36228335 0.22586480 0.13192146 0.07347931 0.03961681
 0.02072107 0.01038852 0.00490177 0.00214191 0.00085790 0.00016103
 0.00000000 0.00000000 0.00000000 0.00000000 0.00000000 0.00000000
 0.00000000 0.00000000 0.00000000 0.00000000 0.00000000 0.00000000
 0.00000000 0.00000000 0.00000000 0.00000000 0.00000000 0.00000000
 0.00000000 0.00000000 0.00000000 0.00000000 0.00000000
0.900000E+02 51
 0.94265380 0.94229268 0.94182034 0.94078253 0.93986136 0.93808974
 0.93611916 0.93397307 0.93060588 0.92747316 0.92456415 0.91907342
 0.91347068 0.91289259 0.91105621 0.88530330 0.80109471 0.64579253
 0.45836055 0.29243665 0.17244776 0.09594310 0.05128833 0.02660485
 0.01331608 0.00632658 0.00280287 0.00114281 0.00021771 0.00000000
 0.00000000 0.00000000 0.00000000 0.00000000 0.00000000 0.00000000
 0.00000000 0.00000000 0.00000000 0.00000000 0.00000000 0.00000000
 0.00000000 0.00000000 0.00000000 0.00000000 0.00000000 0.00000000
 0.00000000 0.00000000 0.00000000 0.00000000
0.850000E+02 50
 0.94016946 0.93992570 0.93933506 0.93838503 0.93743268 0.93559128
 0.93377041 0.93158197 0.92814274 0.92561176 0.92284111 0.91701122
 0.91312920 0.91539420 0.91211723 0.87178511 0.75601077 0.57102767
 0.37728249 0.22559359 0.12574751 0.06667984 0.03418520 0.01697757
 0.00806720 0.00360206 0.00148792 0.00028662 0.00000000 0.00000000
 0.00000000 0.00000000 0.00000000 0.00000000 0.00000000 0.00000000
 0.00000000 0.00000000 0.00000000 0.00000000 0.00000000 0.00000000
 0.00000000 0.00000000 0.00000000 0.00000000 0.00000000 0.00000000
 0.00000000 0.00000000 0.00000000
0.800000E+02 49
 0.93726200 0.93702197 0.93642743 0.93545771 0.93454622 0.93259206
 0.93103819 0.92871046 0.92536002 0.92365261 0.92077514 0.91484480
 0.91361722 0.91866213 0.91076589 0.84696451 0.69224953 0.48297386
 0.29524885 0.16533058 0.08711199 0.04404363 0.02158818 0.01018979
 0.00455564 0.00189607 0.00072553 0.00012859 0.00000000 0.00000000
 0.00000000 0.00000000 0.00000000 0.00000000 0.00000000 0.00000000
 0.00000000 0.00000000 0.00000000 0.00000000 0.00000000 0.00000000
 0.00000000 0.00000000 0.00000000 0.00000000 0.00000000 0.00000000
 0.00000000 0.00000000
0.750000E+02 48
 0.93371215 0.93350450 0.93289213 0.93193694 0.93106985 0.92903840
 0.92786085 0.92527192 0.92231603 0.92159242 0.91827886 0.91278741
 0.91518795 0.92231426 0.90397612 0.80462759 0.60727565 0.38622028
 0.21803170 0.11435996 0.05697872 0.02743712 0.01277917 0.00568001
 0.00236668 0.00091078 0.00016201 0.00000000 0.00000000 0.00000000
 0.00000000 0.00000000 0.00000000 0.00000000 0.00000000 0.00000000
 0.00000000 0.00000000 0.00000000 0.00000000 0.00000000 0.00000000
 0.00000000 0.00000000 0.00000000 0.00000000 0.00000000 0.00000000
 0.00000000
0.700000E+02 47
 0.92939715 0.92939414 0.92859352 0.92785909 0.92686492 0.92494300
 0.92415301 0.92119854 0.91912190 0.91939217 0.91529047 0.91113396
 0.91804186 0.92524363 0.88625131 0.73741270 0.50213239 0.28873573
 0.15081705 0.07408525 0.03491144 0.01594338 0.00699367 0.00289699
 0.00111445 0.00019795 0.00000000 0.00000000 0.00000000 0.00000000
 0.00000000 0.00000000 0.00000000 0.00000000 0.00000000 0.00000000
 0.00000000 0.00000000 0.00000000 0.00000000 0.00000000 0.00000000
 0.00000000 0.00000000 0.00000000 0.00000000 0.00000000 0.00000000
0.650000E+02 45
 0.92417228 0.92451646 0.92337475 0.92312178 0.92177322 0.92031306
 0.91978329 0.91647411 0.91593098 0.91696410 0.91178794 0.91024213
 0.92218935 0.92470865 0.84842162 0.63909347 0.38413566 0.19995963
 0.09683121 0.04453391 0.01981374 0.00851282 0.00347837 0.00132811
 0.00046730 0.00007535 0.00000000 0.00000000 0.00000000 0.00000000
 0.00000000 0.00000000 0.00000000 0.00000000 0.00000000 0.00000000
 0.00000000 0.00000000 0.00000000 0.00000000 0.00000000 0.00000000
 0.00000000 0.00000000 0.00000000 0.00000000
0.600000E+02 44
 0.91803933 0.91866404 0.91722878 0.91757143 0.91570363 0.91516130
 0.91457902 0.91118510 0.91293637 0.91415048 0.90780169 0.91049430
 0.92702649 0.91454424 0.77728077 0.50964667 0.26750866 0.12715695
 0.05700699 0.02454660 0.01024808 0.00409598 0.00153991 0.00053597
 0.00008536 0.00000000 0.00000000 0.00000000 0.00000000 0.00000000
 0.00000000 0.00000000 0.00000000 0.00000000 0.00000000 0.00000000
 0.00000000 0.00000000 0.00000000 0.00000000 0.00000000 0.00000000
 0.00000000 0.00000000 0.00000000
0.550000E+02 42
 0.91102214 0.91157452 0.91020228 0.91097231 0.90864594 0.90947452
 0.90834858 0.90556512 0.91036057 0.91065635 0.90342751 0.91213319
 0.93028745 0.88183288 0.65926334 0.36239056 0.16795557 0.07320934
 0.03032701 0.01219330 0.00472402 0.00173311 0.00059178 0.00009239
 0.00000000 0.00000000 0.00000000 0.00000000 0.00000000 0.00000000
 0.00000000 0.00000000 0.00000000 0.00000000 0.00000000 0.00000000
 0.00000000 0.00000000 0.00000000 0.00000000 0.00000000 0.00000000
 0.00000000
0.500000E+02 41
 0.90304580 0.90298756 0.90228956 0.90305747 0.90067897 0.90321121
 0.90092323 0.90005811 0.90840255 0.90593300 0.89880069 0.91474186
 0.92543594 0.80312793 0.49281565 0.22467396 0.09410170 0.03736400
 0.01430987 0.00531969 0.00188486 0.00062525 0.00009482 0.00000000
 0.00000000 0.00000000 0.00000000 0.00000000 0.00000000 0.00000000
 0.00000000 0.00000000 0.00000000 0.00000000 0.00000000 0.00000000
 0.00000000 0.00000000 0.00000000 0.00000000 0.00000000 0.00000000
0.450000E+02 39
 0.89407230 0.89276955 0.89355955 0.89360304 0.89205929 0.89627753
 0.89222876 0.89541709 0.90704135 0.89905161 0.89379973 0.91604090
 0.89417254 0.65069273 0.30723817 0.12085489 0.04580244 0.01650957
 0.00581683 0.00196723 0.00062678 0.00009135 0.00000000 0.00000000
 0.00000000 0.00000000 0.00000000 0.00000000 0.00000000 0.00000000
 0.00000000 0.00000000 0.00000000 0.00000000 0.00000000 0.00000000
 0.00000000 0.00000000 0.00000000 0.00000000
0.400000E+02 38
 0.88398022 0.88083516 0.88406609 0.88234242 0.88324623 0.88838332
 0.88240994 0.89278257 0.90554051 0.88850022 0.88711043 0.90814165
 0.79301145 0.42630376 0.15612674 0.05544150 0.01862937 0.00611682
 0.00194760 0.00058778 0.00008126 0.00000000 0.00000000 0.00000000
 0.00000000 0.00000000 0.00000000 0.00000000 0.00000000 0.00000000
 0.00000000 0.00000000 0.00000000 0.00000000 0.00000000 0.00000000
 0.00000000 0.00000000 0.00000000
0.360000E+02 36
 0.87495877 0.87018327 0.87593445 0.87194522 0.87650828 0.88094768
 0.87413951 0.89308731 0.90269735 0.87559120 0.87785198 0.87613195
 0.62590821 0.24426868 0.07907442 0.02541307 0.00777010 0.00234586
 0.00067733 0.00009005 0.00000000 0.00000000 0.00000000 0.00000000
 0.00000000 0.00000000 0.00000000 0.00000000 0.00000000 0.00000000
 0.00000000 0.00000000 0.00000000 0.00000000 0.00000000 0.00000000
 0.00000000
0.330000E+02 35
 0.86743101 0.86170743 0.86940390 0.86336328 0.87187925 0.87432463
 0.86810869 0.89518328 0.89790817 0.86159115 0.86498608 0.81129106
 0.45350336 0.14116865 0.04323769 0.01261768 0.00361368 0.00101098
 0.00026839 0.00003252 0.00000000 0.00000000 0.00000000 0.00000000
 0.00000000 0.00000000 0.00000000 0.00000000 0.00000000 0.00000000
 0.00000000 0.00000000 0.00000000 0.00000000 0.00000000 0.00000000
0.300000E+02 34
 0.85899992 0.85302691 0.86229815 0.85422836 0.86774916 0.86637360
 0.86270248 0.89899709 0.88855097 0.84182626 0.83819351 0.68500151
 0.27579166 0.07409264 0.02108897 0.00560045 0.00149231 0.00038236
 0.00004511 0.00000000 0.00000000 0.00000000 0.00000000 0.00000000
 0.00000000 0.00000000 0.00000000 0.00000000 0.00000000 0.00000000
 0.00000000 0.00000000 0.00000000 0.00000000 0.00000000
0.260000E+02 32
 0.84564094 0.84149383 0.85121497 0.84146425 0.86299333 0.85270625
 0.85755037 0.90571939 0.86273160 0.80033259 0.74245830 0.42108864
 0.10666021 0.02656767 0.00642280 0.00153427 0.00036128 0.00003936
 0.00000000 0.00000000 0.00000000 0.00000000 0.00000000 0.00000000
 0.00000000 0.00000000 0.00000000 0.00000000 0.00000000 0.00000000
 0.00000000 0.00000000 0.00000000
0.230000E+02 31
 0.83325861 0.83315212 0.84079247 0.83172656 0.85962194 0.83906949
 0.85642391 0.90881615 0.82581443 0.74188844 0.58338745 0.21558622
 0.04376107 0.01010971 0.00215236 0.00046990 0.00004792 0.00000000
 0.00000000 0.00000000 0.00000000 0.00000000 0.00000000 0.00000000
 0.00000000 0.00000000 0.00000000 0.00000000 0.00000000 0.00000000
 0.00000000 0.00000000
0.200000E+02 29
 0.81780482 0.82517441 0.82724082 0.82205927 0.85546989 0.82114133
 0.85913276 0.90243249 0.76183488 0.62153761 0.35424078 0.08118606
 0.01519251 0.00301600 0.00057876 0.00005410 0.00000000 0.00000000
 0.00000000 0.00000000 0.00000000 0.00000000 0.00000000 0.00000000
 0.00000000 0.00000000 0.00000000 0.00000000 0.00000000 0.00000000
0.160000E+02 27
 0.78975042 0.81475278 0.80082078 0.80968732 0.84484526 0.78722306
 0.87043553 0.84448287 0.58673542 0.33261575 0.09930510 0.01428332
 0.00238442 0.00037446 0.00002934 0.00000000 0.00000000 0.00000000
 0.00000000 0.00000000 0.00000000 0.00000000 0.00000000 0.00000000
 0.00000000 0.00000000 0.00000000 0.00000000
0.180000E+02 28
 0.80510594 0.82000038 0.81556296 0.81576313 0.85134040 0.80593464
 0.86372864 0.88462945 0.69220460 0.49136657 0.20692926 0.03628268
 0.00651666 0.00114860 0.00020485 0.00001742 0.00000000 0.00000000
 0.00000000 0.00000000 0.00000000 0.00000000 0.00000000 0.00000000
 0.00000000 0.00000000 0.00000000 0.00000000 0.00000000
0.140000E+02 26
 0.77082970 0.80905589 0.78185844 0.80398638 0.83397503 0.76394091
 0.87704329 0.76431223 0.43526042 0.18090986 0.03846516 0.00476137
 0.00071271 0.00009977 0.00000701 0.00000000 0.00000000 0.00000000
 0.00000000 0.00000000 0.00000000 0.00000000 0.00000000 0.00000000
 0.00000000 0.00000000 0.00000000
0.120000E+02 24
 0.74704506 0.80221030 0.75705780 0.79922309 0.81535349 0.73559772
 0.87245843 0.61799450 0.25438978 0.07548428 0.01155060 0.00126425
 0.00016452 0.00000973 0.00000000 0.00000000 0.00000000 0.00000000
 0.00000000 0.00000000 0.00000000 0.00000000 0.00000000 0.00000000
 0.00000000
0.100000E+02 23
 0.71673199 0.79312945 0.72448982 0.79725674 0.78404812 0.70054492
 0.81597043 0.39303390 0.10453632 0.02337953 0.00247100 0.00024557
 0.00001224 0.00000000 0.00000000 0.00000000 0.00000000 0.00000000
 0.00000000 0.00000000 0.00000000 0.00000000 0.00000000 0.00000000
0.700000E+01 20
 0.65697301 0.77010545 0.65903304 0.80365353 0.69320407 0.59023196
 0.44855919 0.07974595 0.01193107 0.00172536 0.00009190 0.00000376
 0.00000000 0.00000000 0.00000000 0.00000000 0.00000000 0.00000000
 0.00000000 0.00000000 0.00000000
0.800000E+01 21
 0.67856194 0.77975183 0.68291632 0.80010189 0.73216071 0.64061861
 0.61587090 0.15892951 0.02781261 0.00480015 0.00033285 0.00002963
 0.00000121 0.00000000 0.00000000 0.00000000 0.00000000 0.00000000
 0.00000000 0.00000000 0.00000000 0.00000000
0.600000E+01 19
 0.63452160 0.75734567 0.63261779 0.81009217 0.63934642 0.52101414
 0.27152573 0.03318788 0.00440313 0.00050125 0.00002152 0.00000077
 0.00000000 0.00000000 0.00000000 0.00000000 0.00000000 0.00000000
 0.00000000 0.00000000
0.300000E+01 15
 0.54523178 0.70863394 0.50372294 0.79340273 0.26990214 0.10772790
 0.00914027 0.00039460 0.00003005 0.00000025 0.00000000 0.00000000
 0.00000000 0.00000000 0.00000000 0.00000000
0.400000E+01 17
 0.58024874 0.72313503 0.55676881 0.83263394 0.44224677 0.26835892
 0.04353702 0.00263050 0.00026193 0.00001683 0.00000023 0.00000000
 0.00000000 0.00000000 0.00000000 0.00000000 0.00000000 0.00000000
0.500000E+01 18
 0.61019349 0.74096856 0.59998009 0.82154232 0.56079689 0.42106901
 0.12872692 0.01098728 0.00129416 0.00010646 0.00000168 0.00000000
 0.00000000 0.00000000 0.00000000 0.00000000 0.00000000 0.00000000
 0.00000000
0.100000E+01 12
 0.50621394 0.63005501 0.26704549 0.11771388 0.00786546 0.00057112
 0.00001346 0.00000039 0.00000000 0.00000000 0.00000000 0.00000000
 0.00000000
0.130000E+01 12
 0.51903582 0.65564664 0.32748477 0.23886550 0.02092384 0.00214509
 0.00007016 0.00000146 0.00000000 0.00000000 0.00000000 0.00000000
 0.00000000
0.150000E+01 13
 0.52067234 0.66769763 0.35875393 0.33635856 0.03461797 0.00441267
 0.00016964 0.00000458 0.00000016 0.00000000 0.00000000 0.00000000
 0.00000000 0.00000000
0.200000E+01 14
 0.52238389 0.68893193 0.42216405 0.56624556 0.08957665 0.01836285
 0.00091076 0.00002976 0.00000080 0.00000000 0.00000000 0.00000000
 0.00000000 0.00000000 0.00000000
0.400000E+00 13
 0.35016555 0.39855011 0.06760444 0.00726614 0.00015022 0.00000245
 0.00000001 0.00000000 0.00000000 0.00000000 0.00000000
0.100000E+00 13
 0.17284204 0.09002257 0.00301073 0.00006480 0.00000014 0.00000000
 0.00000000 0.00000000 0.00000000
0.200000E+00 13
 0.24314817 0.20440628 0.01517404 0.00071890 0.00000506 0.00000003
 0.00000000 0.00000000 0.00000000
0.700000E+00 11
 0.45908136 0.56652329 0.17776074 0.04156667 0.00181538 0.00009213
 0.00000120 0.00000002 0.00000000 0.00000000 0.00000000 0.00000000
0.400000E-01 13
 0.11136176 0.02650889 0.00032578 0.00000268 0.00000000 0.00000000
 0.00000000 0.00000000
0.700000E-01 13
 0.14560837 0.05676757 0.00127813 0.00001878 0.00000005 0.00000000
 0.00000000 0.00000000
0.200000E-01 13
 0.07976669 0.00986550 0.00005871 0.00000024 0.00000000 0.00000000
 0.00000000
0.100000E-01 13
 0.05697905 0.00357730 0.00001049 0.00000002 0.00000000 0.00000000
 0.00000000
0.500000E-02 13
 0.04059856 0.00128058 0.00000186 0.00000000 0.00000000 0.00000000
 0.00000000
0.100000E-02 13
 0.01835142 0.00011565 0.00000003 0.00000000 0.00000000 0.00000000
 0.00000000
