   9.50000E+01   5.18355E+00   2.86684E+00   2.31671E+00   2.25368E+00   4.62099E-02   3.36807E-03   3.24721E-04   1.19230E-05   7.13692E-04   9.87569E-03   1.33534E-06   1.81945E-04   5.33262E-08   4.50366E-06   8.99234E-06   2.01121E-04   8.81719E-04   1.21697E-03   4.58955E-08   9.20446E-07   1.34375E-05   1.01344E-06   7.84780E-06   8.77292E-07
   1.00000E+02   5.10875E+00   2.81529E+00   2.29346E+00   2.23488E+00   4.30112E-02   3.12173E-03   2.91883E-04   1.04634E-05   6.05728E-04   9.21071E-03   1.11701E-06   1.53876E-04   4.09529E-08   4.10825E-06   7.57268E-06   1.76244E-04   8.27727E-04   1.13126E-03   3.67821E-08   7.20887E-07   1.14018E-05   8.34102E-07   6.57373E-06   7.47199E-07
   1.15000E+02   4.81812E+00   2.58605E+00   2.23207E+00   2.18444E+00   3.50875E-02   2.52354E-03   2.19292E-04   7.45312E-06   3.81132E-04   7.55500E-03   6.81514E-07   9.60775E-05   1.93940E-08   3.19007E-06   4.68662E-06   1.22751E-04   6.88738E-04   9.19791E-04   2.03185E-08   3.68120E-07   7.16535E-06   4.87732E-07   4.01108E-06   4.74823E-07
   1.30000E+02   4.49543E+00   2.31417E+00   2.18125E+00   2.14170E+00   2.92042E-02   2.08955E-03   1.72682E-04   5.68546E-06   2.51313E-04   6.31493E-03   4.41779E-07   6.30495E-05   9.83425E-09   2.56228E-06   3.06195E-06   8.99725E-05   5.80974E-04   7.63281E-04   1.23795E-08   2.06257E-07   4.71808E-06   3.05887E-07   2.58993E-06   3.15805E-07
   1.50000E+02   4.10199E+00   1.97653E+00   2.12546E+00   2.09349E+00   2.36522E-02   1.68684E-03   1.33751E-04   4.31343E-06   1.55644E-04   5.13434E-03   2.71074E-07   3.89059E-05   4.43297E-09   2.00951E-06   1.88635E-06   6.40390E-05   4.75950E-04   6.15894E-04   7.28142E-09   1.09058E-07   2.91736E-06   1.81932E-07   1.57584E-06   1.97508E-07
   1.60000E+02   3.93219E+00   1.83065E+00   2.10154E+00   2.07237E+00   2.15959E-02   1.53916E-03   1.20480E-04   3.86751E-06   1.26497E-04   4.69445E-03   2.20072E-07   3.15844E-05   3.11643E-09   1.81407E-06   1.53186E-06   5.55978E-05   4.36276E-04   5.61385E-04   5.86362E-09   8.35169E-08   2.36951E-06   1.46070E-07   1.27331E-06   1.61206E-07
   1.80000E+02   3.64828E+00   1.58848E+00   2.05980E+00   2.03483E+00   1.85032E-02   1.31826E-03   1.01620E-04   3.25213E-06   8.87853E-05   4.03019E-03   1.54738E-07   2.21366E-05   1.68203E-09   1.52912E-06   1.07563E-06   4.40324E-05   3.75851E-04   4.79490E-04   4.12573E-09   5.35410E-08   1.66148E-06   1.01136E-07   8.86929E-07   1.13992E-07
   2.00000E+02   3.43089E+00   1.40643E+00   2.02446E+00   2.00236E+00   1.63833E-02   1.16746E-03   8.94462E-05   2.86538E-06   6.70498E-05   3.57332E-03   1.17381E-07   1.67056E-05   1.01226E-09   1.33983E-06   8.13781E-07   3.68637E-05   3.33935E-04   4.23430E-04   3.16161E-09   3.79409E-08   1.25394E-06   7.60568E-08   6.67086E-07   8.66200E-08
   9.00000E+01   5.23991E+00   2.89824E+00   2.34167E+00   2.27374E+00   4.97254E-02   3.64235E-03   3.63388E-04   1.37169E-05   8.44558E-04   1.06052E-02   1.60766E-06   2.16215E-04   6.99545E-08   4.95528E-06   1.07402E-05   2.30804E-04   9.39584E-04   1.31150E-03   5.79643E-08   1.18647E-06   1.59036E-05   1.24117E-06   9.42637E-06   1.03450E-06
   8.50000E+01   5.27341E+00   2.90470E+00   2.36870E+00   2.29535E+00   5.35770E-02   3.94752E-03   4.09092E-04   1.59390E-05   1.00335E-03   1.14040E-02   1.94920E-06   2.58150E-04   9.24491E-08   5.47103E-06   1.28997E-05   2.66307E-04   1.00114E-03   1.41562E-03   7.40981E-08   1.54253E-06   1.88929E-05   1.53190E-06   1.13902E-05   1.22480E-06
   8.00000E+01   5.27884E+00   2.88110E+00   2.39774E+00   2.31844E+00   5.77789E-02   4.28632E-03   4.63271E-04   1.87141E-05   1.19613E-03   1.22764E-02   2.38011E-06   3.09578E-04   1.23112E-07   6.05938E-06   1.55765E-05   3.08864E-04   1.06600E-03   1.53016E-03   9.58778E-08   2.02022E-06   2.25165E-05   1.90503E-06   1.38430E-05   1.45551E-06
   7.50000E+01   5.25243E+00   2.82325E+00   2.42918E+00   2.34338E+00   6.23362E-02   4.66164E-03   5.27700E-04   2.22092E-05   1.42999E-03   1.32264E-02   2.92763E-06   3.72733E-04   1.65250E-07   6.72868E-06   1.89030E-05   3.59956E-04   1.13350E-03   1.65599E-03   1.25559E-07   2.66091E-06   2.69042E-05   2.38626E-06   1.69170E-05   1.73566E-06
   7.00000E+01   5.19319E+00   2.72986E+00   2.46333E+00   2.37045E+00   6.72376E-02   5.07592E-03   6.04460E-04   2.66575E-05   1.71305E-03   1.42567E-02   3.62657E-06   4.50290E-04   2.23643E-07   7.48597E-06   2.30434E-05   4.21312E-04   1.20252E-03   1.79410E-03   1.66440E-07   3.51716E-06   3.22021E-05   3.00902E-06   2.07796E-05   2.07606E-06
   6.50000E+01   5.10388E+00   2.60314E+00   2.50074E+00   2.40023E+00   7.24488E-02   5.53148E-03   6.96094E-04   3.23646E-05   2.05434E-03   1.53686E-02   4.52526E-06   5.45422E-04   3.05486E-07   8.33599E-06   2.81976E-05   4.94984E-04   1.27152E-03   1.94583E-03   2.23329E-07   4.65537E-06   3.85742E-05   3.81759E-06   2.56388E-05   2.49018E-06
   6.00000E+01   4.99422E+00   2.45271E+00   2.54151E+00   2.43288E+00   7.78997E-02   6.02945E-03   8.05563E-04   3.97980E-05   2.46274E-03   1.65601E-02   5.69042E-06   6.61654E-04   4.20566E-07   9.27742E-06   3.46113E-05   5.83332E-04   1.33811E-03   2.11299E-03   3.04137E-07   6.16028E-06   4.61816E-05   4.86965E-06   3.17490E-05   2.99469E-06
   5.50000E+01   4.88399E+00   2.29765E+00   2.58634E+00   2.46918E+00   8.34677E-02   6.57362E-03   9.36198E-04   4.95504E-05   2.94705E-03   1.78264E-02   7.19849E-06   8.02715E-04   5.85816E-07   1.03057E-05   4.25648E-05   6.88713E-04   1.39941E-03   2.29913E-03   4.19887E-07   8.15438E-06   5.51891E-05   6.23784E-06   3.93872E-05   3.60722E-06
   3.60000E+01   5.15048E+00   2.34936E+00   2.80112E+00   2.64957E+00   1.03170E-01   9.47351E-03   1.74889E-03   1.34575E-04   5.51414E-03   2.32707E-02   1.99682E-05   1.62239E-03   2.18106E-06   1.52544E-05   9.63245E-05   1.31184E-03   1.53409E-03   3.39599E-03   1.80782E-06   3.05887E-05   1.03655E-04   1.67424E-05   8.57368E-05   7.41673E-06
   4.00000E+01   4.93053E+00   2.18025E+00   2.75028E+00   2.60658E+00   9.91688E-02   8.60636E-03   1.52010E-03   1.05944E-04   4.87195E-03   2.19782E-02   1.60322E-05   1.40541E-03   1.61291E-06   1.38871E-05   8.02441E-05   1.14846E-03   1.51718E-03   3.06504E-03   1.32042E-06   2.15927E-05   9.13633E-05   1.35986E-05   7.37558E-05   6.42149E-06
   4.50000E+01   4.80442E+00   2.11358E+00   2.69085E+00   2.55615E+00   9.41778E-02   7.83202E-03   1.28031E-03   8.05176E-05   4.15603E-03   2.05285E-02   1.18527E-05   1.17150E-03   1.15917E-06   1.25798E-05   6.46357E-05   9.62738E-04   1.49017E-03   2.75765E-03   8.55571E-07   1.48457E-05   7.77591E-05   1.03596E-05   6.02559E-05   5.25525E-06
   5.00000E+01   4.80550E+00   2.16967E+00   2.63582E+00   2.50991E+00   8.89747E-02   7.16399E-03   1.09336E-03   6.26532E-05   3.50983E-03   1.91510E-02   9.24730E-06   9.71733E-04   8.16543E-07   1.14005E-05   5.24203E-05   8.15092E-04   1.45113E-03   2.50921E-03   5.96402E-07   1.08766E-05   6.56792E-05   8.03336E-06   4.88364E-05   4.35995E-06
   3.30000E+01   5.38329E+00   2.54272E+00   2.84056E+00   2.68258E+00   1.06296E-01   1.02334E-02   1.96588E-03   1.61343E-04   6.01646E-03   2.43220E-02   2.45894E-05   1.80126E-03   2.79438E-06   1.64632E-05   1.10206E-04   1.47761E-03   1.56558E-03   3.70537E-03   2.47063E-06   4.15943E-05   1.13878E-04   2.00885E-05   9.44977E-05   8.57659E-06
   3.00000E+01   5.65458E+00   2.77527E+00   2.87931E+00   2.71353E+00   1.10325E-01   1.12263E-02   2.24506E-03   2.00067E-04   6.55237E-03   2.53828E-02   3.22027E-05   2.00467E-03   3.48183E-06   1.83017E-05   1.28429E-04   1.67489E-03   1.58231E-03   4.08620E-03   3.39355E-06   5.77602E-05   1.23702E-04   2.40155E-05   1.04561E-04   9.69556E-06
   2.60000E+01   6.02172E+00   3.08680E+00   2.93492E+00   2.75470E+00   1.17684E-01   1.34071E-02   2.67132E-03   2.68819E-04   7.53023E-03   2.72515E-02   4.10853E-05   2.34801E-03   5.51430E-06   2.19507E-05   1.59081E-04   1.97872E-03   1.66400E-03   4.79787E-03   4.61246E-06   8.51172E-05   1.43551E-04   2.97725E-05   1.19482E-04   1.15700E-05
   2.30000E+01   6.21671E+00   3.24014E+00   2.97657E+00   2.78051E+00   1.26356E-01   1.55662E-02   3.15064E-03   3.38621E-04   8.47693E-03   2.90274E-02   5.06283E-05   2.64225E-03   8.91873E-06   2.60273E-05   1.83781E-04   2.39970E-03   1.81940E-03   5.54206E-03   6.21920E-06   1.15088E-04   1.61676E-04   3.65485E-05   1.36092E-04   1.42281E-05
   8.00000E+00   6.24976E+00   2.93022E+00   3.31953E+00   2.86253E+00   2.80165E-01   5.39988E-02   1.45816E-02   1.98682E-03   2.86470E-02   3.59082E-02   2.64805E-04   6.21433E-03   2.07674E-04   1.58717E-04   4.03319E-04   1.22366E-02   2.49768E-03   1.77838E-02   1.83146E-05   4.27838E-04   5.75412E-04   1.37096E-04   7.14835E-04   7.30205E-05
   1.00000E+01   5.83891E+00   2.57259E+00   3.26632E+00   2.86412E+00   2.48245E-01   4.51908E-02   1.10393E-02   1.41913E-03   2.33566E-02   3.86759E-02   1.73787E-04   5.39491E-03   1.12870E-04   1.03440E-04   3.90291E-04   9.54439E-03   2.79292E-03   1.43075E-02   1.67635E-05   2.81958E-04   4.65368E-04   1.19388E-04   5.11670E-04   5.28943E-05
   7.00000E+00   6.61770E+00   3.28040E+00   3.33730E+00   2.85053E+00   2.94090E-01   5.92866E-02   1.62846E-02   2.24540E-03   3.25844E-02   3.42258E-02   3.22913E-04   6.69979E-03   3.46725E-04   2.13180E-04   4.20070E-04   1.44416E-02   2.58016E-03   2.07507E-02   2.73870E-05   4.45394E-04   6.61156E-04   1.56697E-04   8.99605E-04   9.34754E-05
   1.20000E+01   5.76616E+00   2.56605E+00   3.20011E+00   2.84665E+00   2.18834E-01   3.79138E-02   8.50675E-03   1.11159E-03   1.96354E-02   3.87965E-02   1.41198E-04   4.83984E-03   7.87776E-05   7.69227E-05   3.60619E-04   7.38010E-03   2.65701E-03   1.20042E-02   1.57673E-05   2.08042E-04   3.71953E-04   9.55066E-05   3.92505E-04   3.80581E-05
   1.60000E+01   6.04903E+00   2.96127E+00   3.08776E+00   2.81819E+00   1.69176E-01   2.58018E-02   5.44983E-03   6.59974E-04   1.41167E-02   3.42953E-02   9.30253E-05   3.80529E-03   2.91312E-05   4.70613E-05   2.78173E-04   4.44651E-03   2.24591E-03   8.36933E-03   1.16153E-05   1.55515E-04   2.62515E-04   6.10279E-05   2.41494E-04   2.53603E-05
   1.40000E+01   5.88209E+00   2.74240E+00   3.13969E+00   2.83210E+00   1.91650E-01   3.11198E-02   6.71678E-03   8.51692E-04   1.66754E-02   3.66638E-02   1.10389E-04   4.28820E-03   4.91280E-05   6.12273E-05   3.15410E-04   5.72598E-03   2.44670E-03   1.00000E-02   1.30649E-05   1.78114E-04   3.07040E-04   7.42289E-05   3.13253E-04   3.07548E-05
   2.00000E+01   6.25780E+00   3.24233E+00   3.01546E+00   2.79630E+00   1.39926E-01   1.86489E-02   3.88467E-03   4.41256E-04   9.98843E-03   3.09162E-02   6.87011E-05   3.02472E-03   1.39889E-05   3.22798E-05   2.17453E-04   3.00127E-03   1.95081E-03   6.48053E-03   8.66969E-06   1.43305E-04   1.89302E-04   4.58087E-05   1.58306E-04   1.71458E-05
   1.80000E+01   6.18622E+00   3.13980E+00   3.04642E+00   2.80571E+00   1.52439E-01   2.17315E-02   4.55649E-03   5.35466E-04   1.17762E-02   3.23676E-02   8.14494E-05   3.38127E-03   1.91747E-05   3.79393E-05   2.46970E-04   3.57159E-03   2.06632E-03   7.25820E-03   1.04522E-05   1.49652E-04   2.22144E-04   5.26627E-05   1.88310E-04   2.04534E-05
   1.00000E+00   7.12546E+00   3.79756E+00   3.32790E+00   2.87570E+00   3.78299E-01   5.93371E-02   1.95451E-03   2.05242E-06   7.05938E-03   4.90930E-03   2.93255E-11   3.39926E-04   2.57336E-04   3.51873E-05   6.66633E-09   0.00000E+00   0.00000E+00   0.00000E+00   0.00000E+00   0.00000E+00   0.00000E+00   0.00000E+00   0.00000E+00   0.00000E+00
   1.30000E+00   6.96474E+00   3.48807E+00   3.47667E+00   2.90130E+00   4.47357E-01   7.84528E-02   7.48730E-03   2.53130E-05   1.30817E-02   8.39685E-03   6.06712E-09   1.90886E-03   3.37239E-04   1.26920E-04   3.46233E-06   1.00294E-02   1.52020E-03   6.06910E-03   4.32851E-15   1.52340E-04   8.73248E-05   1.44762E-09   3.35426E-04   1.06903E-07
   2.00000E+00   7.31552E+00   3.56238E+00   3.75315E+00   3.03669E+00   5.06973E-01   9.78334E-02   2.37666E-02   5.49744E-04   2.08234E-02   1.69957E-02   1.67675E-06   5.81271E-03   8.13272E-04   6.75054E-04   1.50684E-04   1.77656E-02   2.51680E-03   1.82423E-02   3.64302E-10   7.20817E-04   6.17484E-04   3.22723E-06   2.09630E-03   1.03547E-04
   1.50000E+00   6.99578E+00   3.41908E+00   3.57669E+00   2.93853E+00   4.82066E-01   8.61502E-02   1.27737E-02   7.98725E-05   1.64994E-02   1.05225E-02   5.15133E-08   3.26835E-03   3.99823E-04   2.16301E-04   1.81731E-05   1.28207E-02   1.99556E-03   1.00006E-02   7.67722E-13   2.92311E-04   2.15267E-04   5.40727E-08   8.36774E-04   5.71108E-06
   3.00000E+00   7.89916E+00   4.16222E+00   3.73695E+00   3.04657E+00   4.41606E-01   8.67998E-02   2.55632E-02   3.19006E-03   2.92824E-02   2.37363E-02   6.43730E-05   6.49711E-03   1.64438E-03   1.07728E-03   5.88920E-04   2.93265E-02   4.85373E-03   3.00295E-02   2.11398E-07   1.10185E-03   1.19234E-03   5.17335E-05   3.43853E-03   3.35886E-04
   5.00000E+00   7.61558E+00   4.12871E+00   3.48687E+00   2.92246E+00   3.37819E-01   6.89031E-02   1.99878E-02   2.65797E-03   3.85811E-02   2.63918E-02   3.34750E-04   6.69009E-03   1.04352E-03   5.02317E-04   4.53211E-04   2.33210E-02   4.14030E-03   2.99851E-02   1.90308E-05   5.55542E-04   8.96442E-04   1.46865E-04   1.74979E-03   2.29722E-04
   4.00000E+00   7.94048E+00   4.33384E+00   3.60664E+00   2.98332E+00   3.79714E-01   7.54868E-02   2.22050E-02   3.62369E-03   3.69748E-02   2.41156E-02   2.54864E-04   6.52219E-03   1.62532E-03   7.79691E-04   5.31552E-04   2.83908E-02   5.01598E-03   3.31523E-02   4.29027E-06   8.43226E-04   1.10623E-03   1.01491E-04   2.55382E-03   3.18866E-04
   2.00000E-01   1.07179E+01   7.69284E+00   3.02507E+00   2.89136E+00   1.33593E-01   1.16977E-04   0.00000E+00   0.00000E+00   0.00000E+00   0.00000E+00   0.00000E+00   0.00000E+00   0.00000E+00   0.00000E+00   0.00000E+00   0.00000E+00   0.00000E+00   0.00000E+00   0.00000E+00   0.00000E+00   0.00000E+00   0.00000E+00   0.00000E+00   0.00000E+00
   4.00000E-01   9.07286E+00   5.86794E+00   3.20492E+00   2.94837E+00   2.51710E-01   4.84056E-03   7.07635E-07   0.00000E+00   0.00000E+00   0.00000E+00   0.00000E+00   0.00000E+00   0.00000E+00   0.00000E+00   0.00000E+00   0.00000E+00   0.00000E+00   0.00000E+00   0.00000E+00   0.00000E+00   0.00000E+00   0.00000E+00   0.00000E+00   0.00000E+00
   1.00000E-01   1.20387E+01   9.10822E+00   2.93043E+00   2.89322E+00   3.72064E-02   0.00000E+00   0.00000E+00   0.00000E+00   0.00000E+00   0.00000E+00   0.00000E+00   0.00000E+00   0.00000E+00   0.00000E+00   0.00000E+00   0.00000E+00   0.00000E+00   0.00000E+00   0.00000E+00   0.00000E+00   0.00000E+00   0.00000E+00   0.00000E+00   0.00000E+00
   6.00000E+00   7.10022E+00   3.71779E+00   3.38243E+00   2.86256E+00   3.10034E-01   6.41121E-02   1.77921E-02   2.41232E-03   3.66121E-02   3.10042E-02   3.19062E-04   6.86558E-03   6.18792E-04   3.28985E-04   4.47277E-04   1.82627E-02   3.20545E-03   2.50392E-02   3.28127E-05   4.58189E-04   7.59902E-04   1.68800E-04   1.25183E-03   1.44572E-04
   7.00000E-01   7.73179E+00   4.47549E+00   3.25630E+00   2.90734E+00   3.18532E-01   2.94708E-02   1.73853E-04   1.73801E-08   7.76804E-04   0.00000E+00   0.00000E+00   0.00000E+00   0.00000E+00   0.00000E+00   0.00000E+00   0.00000E+00   0.00000E+00   0.00000E+00   0.00000E+00   0.00000E+00   0.00000E+00   0.00000E+00   0.00000E+00   0.00000E+00
   7.00000E-02   1.26020E+01   9.64667E+00   2.95532E+00   2.94344E+00   1.18744E-02   0.00000E+00   0.00000E+00   0.00000E+00   0.00000E+00   0.00000E+00   0.00000E+00   0.00000E+00   0.00000E+00   0.00000E+00   0.00000E+00   0.00000E+00   0.00000E+00   0.00000E+00   0.00000E+00   0.00000E+00   0.00000E+00   0.00000E+00   0.00000E+00   0.00000E+00
   4.00000E-02   1.33986E+01   1.02760E+01   3.12259E+00   3.12259E+00   0.00000E+00   0.00000E+00   0.00000E+00   0.00000E+00   0.00000E+00   0.00000E+00   0.00000E+00   0.00000E+00   0.00000E+00   0.00000E+00   0.00000E+00   0.00000E+00   0.00000E+00   0.00000E+00   0.00000E+00   0.00000E+00   0.00000E+00   0.00000E+00   0.00000E+00   0.00000E+00
   2.00000E-02   1.43745E+01   1.07822E+01   3.59230E+00   3.59230E+00   0.00000E+00   0.00000E+00   0.00000E+00   0.00000E+00   0.00000E+00   0.00000E+00   0.00000E+00   0.00000E+00   0.00000E+00   0.00000E+00   0.00000E+00   0.00000E+00   0.00000E+00   0.00000E+00   0.00000E+00   0.00000E+00   0.00000E+00   0.00000E+00   0.00000E+00   0.00000E+00
   1.00000E-03   2.38281E+01   1.14824E+01   1.23457E+01   1.23457E+01   0.00000E+00   0.00000E+00   0.00000E+00   0.00000E+00   0.00000E+00   0.00000E+00   0.00000E+00   0.00000E+00   0.00000E+00   0.00000E+00   0.00000E+00   0.00000E+00   0.00000E+00   0.00000E+00   0.00000E+00   0.00000E+00   0.00000E+00   0.00000E+00   0.00000E+00   0.00000E+00
   1.00000E-02   1.55492E+01   1.10896E+01   4.45953E+00   4.45953E+00   0.00000E+00   0.00000E+00   0.00000E+00   0.00000E+00   0.00000E+00   0.00000E+00   0.00000E+00   0.00000E+00   0.00000E+00   0.00000E+00   0.00000E+00   0.00000E+00   0.00000E+00   0.00000E+00   0.00000E+00   0.00000E+00   0.00000E+00   0.00000E+00   0.00000E+00   0.00000E+00
   5.00000E-03   1.71386E+01   1.12768E+01   5.86177E+00   5.86177E+00   0.00000E+00   0.00000E+00   0.00000E+00   0.00000E+00   0.00000E+00   0.00000E+00   0.00000E+00   0.00000E+00   0.00000E+00   0.00000E+00   0.00000E+00   0.00000E+00   0.00000E+00   0.00000E+00   0.00000E+00   0.00000E+00   0.00000E+00   0.00000E+00   0.00000E+00   0.00000E+00
