0.950000E+02 53
 0.94558055 0.94507977 0.94468037 0.94354031 0.94245133 0.94054714
 0.93851573 0.93579616 0.93262070 0.92870024 0.92447188 0.91926469
 0.91205112 0.90632606 0.90112788 0.88253081 0.82251653 0.69853364
 0.52780116 0.35776566 0.22334427 0.13151388 0.07439264 0.04096262
 0.02197307 0.01132801 0.00550037 0.00247137 0.00101627 0.00020300
 0.00000000 0.00000000 0.00000000 0.00000000 0.00000000 0.00000000
 0.00000000 0.00000000 0.00000000 0.00000000 0.00000000 0.00000000
 0.00000000 0.00000000 0.00000000 0.00000000 0.00000000 0.00000000
 0.00000000 0.00000000 0.00000000 0.00000000 0.00000000 0.00000000
0.100000E+03 54
 0.94816796 0.94765686 0.94727830 0.94620478 0.94508272 0.94334573
 0.94122084 0.93871925 0.93543674 0.93172140 0.92722948 0.92212751
 0.91500878 0.90787288 0.90177018 0.88762248 0.84406777 0.74658002
 0.59632311 0.42873585 0.28235943 0.17407902 0.10229808 0.05820833
 0.03232848 0.01741296 0.00893304 0.00427832 0.00188495 0.00075795
 0.00014909 0.00000000 0.00000000 0.00000000 0.00000000 0.00000000
 0.00000000 0.00000000 0.00000000 0.00000000 0.00000000 0.00000000
 0.00000000 0.00000000 0.00000000 0.00000000 0.00000000 0.00000000
 0.00000000 0.00000000 0.00000000 0.00000000 0.00000000 0.00000000
 0.00000000
0.115000E+03 57
 0.95344561 0.95355333 0.95267690 0.95222328 0.95080699 0.94951962
 0.94747916 0.94507529 0.94231072 0.93846047 0.93442326 0.92905466
 0.92265315 0.91445144 0.90524357 0.89458009 0.87383213 0.82763132
 0.74029379 0.61208238 0.46558120 0.32850892 0.21762297 0.13702326
 0.08313381 0.04918396 0.02840467 0.01580057 0.00829299 0.00403262
 0.00179622 0.00039914 0.00000000 0.00000000 0.00000000 0.00000000
 0.00000000 0.00000000 0.00000000 0.00000000 0.00000000 0.00000000
 0.00000000 0.00000000 0.00000000 0.00000000 0.00000000 0.00000000
 0.00000000 0.00000000 0.00000000 0.00000000 0.00000000 0.00000000
 0.00000000 0.00000000 0.00000000 0.00000000
0.130000E+03 59
 0.95728368 0.95657407 0.95659666 0.95542709 0.95489031 0.95310864
 0.95170560 0.94933063 0.94666550 0.94357927 0.93918728 0.93472063
 0.92838113 0.92076618 0.91125935 0.89946076 0.88437414 0.85819266
 0.80970329 0.72908544 0.61636342 0.48671384 0.36049584 0.25212532
 0.16773048 0.10723635 0.06670526 0.04061821 0.02401737 0.01352611
 0.00710839 0.00343581 0.00151622 0.00034069 0.00000000 0.00000000
 0.00000000 0.00000000 0.00000000 0.00000000 0.00000000 0.00000000
 0.00000000 0.00000000 0.00000000 0.00000000 0.00000000 0.00000000
 0.00000000 0.00000000 0.00000000 0.00000000 0.00000000 0.00000000
 0.00000000 0.00000000 0.00000000 0.00000000 0.00000000 0.00000000
0.150000E+03 63
 0.95975714 0.96004230 0.95914469 0.95897750 0.95766846 0.95677313
 0.95500984 0.95311602 0.95084201 0.94761809 0.94443844 0.93961242
 0.93447398 0.92766059 0.91871264 0.90794122 0.89358366 0.87489060
 0.84753315 0.80380484 0.73766859 0.64705722 0.53804580 0.42391421
 0.31753863 0.22685872 0.15526648 0.10273796 0.06645020 0.04212142
 0.02585078 0.01503954 0.00813294 0.00403663 0.00182849 0.00043303
 0.00000000 0.00000000 0.00000000 0.00000000 0.00000000 0.00000000
 0.00000000 0.00000000 0.00000000 0.00000000 0.00000000 0.00000000
 0.00000000 0.00000000 0.00000000 0.00000000 0.00000000 0.00000000
 0.00000000 0.00000000 0.00000000 0.00000000 0.00000000 0.00000000
 0.00000000 0.00000000 0.00000000 0.00000000
0.160000E+03 64
 0.96100628 0.96069736 0.96044887 0.95964468 0.95906866 0.95754424
 0.95649333 0.95419220 0.95234125 0.94925446 0.94599188 0.94193806
 0.93650484 0.93053884 0.92211153 0.91169519 0.89847702 0.88072527
 0.85723193 0.82285812 0.77150507 0.69965355 0.60754257 0.50222242
 0.39544487 0.29739858 0.21404474 0.14801788 0.09927427 0.06523525
 0.04199651 0.02609850 0.01531862 0.00833484 0.00415675 0.00189154
 0.00045593 0.00000000 0.00000000 0.00000000 0.00000000 0.00000000
 0.00000000 0.00000000 0.00000000 0.00000000 0.00000000 0.00000000
 0.00000000 0.00000000 0.00000000 0.00000000 0.00000000 0.00000000
 0.00000000 0.00000000 0.00000000 0.00000000 0.00000000 0.00000000
 0.00000000 0.00000000 0.00000000 0.00000000 0.00000000
0.180000E+03 67
 0.96211454 0.96204158 0.96153308 0.96119642 0.96013086 0.95944075
 0.95766308 0.95646846 0.95396435 0.95182249 0.94861431 0.94485160
 0.94059692 0.93455626 0.92787560 0.91872169 0.90684836 0.89198886
 0.87185725 0.84584019 0.81142521 0.76427674 0.70213064 0.62437819
 0.53355945 0.43711409 0.34384968 0.25997068 0.18899924 0.13279145
 0.09111587 0.06146086 0.04045050 0.02546278 0.01500050 0.00814276
 0.00404107 0.00182971 0.00045033 0.00000000 0.00000000 0.00000000
 0.00000000 0.00000000 0.00000000 0.00000000 0.00000000 0.00000000
 0.00000000 0.00000000 0.00000000 0.00000000 0.00000000 0.00000000
 0.00000000 0.00000000 0.00000000 0.00000000 0.00000000 0.00000000
 0.00000000 0.00000000 0.00000000 0.00000000 0.00000000 0.00000000
 0.00000000 0.00000000
0.200000E+03 70
 0.96279712 0.96266288 0.96233688 0.96176357 0.96120623 0.95997328
 0.95911540 0.95713973 0.95576225 0.95305874 0.95062700 0.94722739
 0.94301464 0.93842643 0.93182394 0.92433810 0.91439597 0.90111840
 0.88456187 0.86240800 0.83418039 0.79928814 0.75487383 0.69932801
 0.63208844 0.55334777 0.46701679 0.38009374 0.29859104 0.22615701
 0.16536823 0.11770448 0.08235277 0.05657489 0.03754614 0.02352940
 0.01366343 0.00727195 0.00353279 0.00156711 0.00038771 0.00000000
 0.00000000 0.00000000 0.00000000 0.00000000 0.00000000 0.00000000
 0.00000000 0.00000000 0.00000000 0.00000000 0.00000000 0.00000000
 0.00000000 0.00000000 0.00000000 0.00000000 0.00000000 0.00000000
 0.00000000 0.00000000 0.00000000 0.00000000 0.00000000 0.00000000
 0.00000000 0.00000000 0.00000000 0.00000000 0.00000000
0.900000E+02 52
 0.94248763 0.94215891 0.94156295 0.94053976 0.93927913 0.93741920
 0.93527774 0.93254489 0.92933684 0.92533648 0.92152449 0.91597665
 0.90914431 0.90532032 0.90045466 0.87364341 0.79022096 0.63649598
 0.45049644 0.28671250 0.16962730 0.09550994 0.05205649 0.02767385
 0.01424272 0.00696727 0.00317658 0.00133088 0.00026924 0.00000000
 0.00000000 0.00000000 0.00000000 0.00000000 0.00000000 0.00000000
 0.00000000 0.00000000 0.00000000 0.00000000 0.00000000 0.00000000
 0.00000000 0.00000000 0.00000000 0.00000000 0.00000000 0.00000000
 0.00000000 0.00000000 0.00000000 0.00000000 0.00000000
0.850000E+02 50
 0.93883412 0.93862175 0.93787799 0.93695905 0.93552905 0.93377085
 0.93144572 0.92887683 0.92544981 0.92170293 0.91825150 0.91228010
 0.90645620 0.90501817 0.89905501 0.85801785 0.74325328 0.55969444
 0.36784540 0.21951434 0.12321623 0.06644049 0.03487377 0.01780695
 0.00871671 0.00400898 0.00170321 0.00066155 0.00012317 0.00000000
 0.00000000 0.00000000 0.00000000 0.00000000 0.00000000 0.00000000
 0.00000000 0.00000000 0.00000000 0.00000000 0.00000000 0.00000000
 0.00000000 0.00000000 0.00000000 0.00000000 0.00000000 0.00000000
 0.00000000 0.00000000 0.00000000
0.800000E+02 49
 0.93461263 0.93433483 0.93362830 0.93264231 0.93122118 0.92942743
 0.92705799 0.92465098 0.92094399 0.91785633 0.91453973 0.90824289
 0.90424154 0.90551971 0.89538214 0.83124604 0.67761843 0.46969401
 0.28514715 0.15979128 0.08524594 0.04405687 0.02219640 0.01079900
 0.00497801 0.00213316 0.00083856 0.00015705 0.00000000 0.00000000
 0.00000000 0.00000000 0.00000000 0.00000000 0.00000000 0.00000000
 0.00000000 0.00000000 0.00000000 0.00000000 0.00000000 0.00000000
 0.00000000 0.00000000 0.00000000 0.00000000 0.00000000 0.00000000
 0.00000000 0.00000000
0.750000E+02 48
 0.92967723 0.92924538 0.92868681 0.92750436 0.92627993 0.92424300
 0.92214238 0.91966431 0.91590405 0.91378707 0.91030307 0.90396930
 0.90287592 0.90660565 0.88644137 0.78719251 0.59060605 0.37164730
 0.20851770 0.11003977 0.05588135 0.02764381 0.01327827 0.00609275
 0.00261760 0.00103628 0.00019443 0.00000000 0.00000000 0.00000000
 0.00000000 0.00000000 0.00000000 0.00000000 0.00000000 0.00000000
 0.00000000 0.00000000 0.00000000 0.00000000 0.00000000 0.00000000
 0.00000000 0.00000000 0.00000000 0.00000000 0.00000000 0.00000000
 0.00000000
0.700000E+02 47
 0.92370830 0.92327615 0.92274389 0.92149268 0.92044446 0.91815617
 0.91658119 0.91375415 0.91042511 0.90946943 0.90543235 0.89965982
 0.90284191 0.90723441 0.86692181 0.71829480 0.48342717 0.27436805
 0.14304990 0.07125722 0.03445656 0.01623428 0.00736075 0.00314878
 0.00124788 0.00023337 0.00000000 0.00000000 0.00000000 0.00000000
 0.00000000 0.00000000 0.00000000 0.00000000 0.00000000 0.00000000
 0.00000000 0.00000000 0.00000000 0.00000000 0.00000000 0.00000000
 0.00000000 0.00000000 0.00000000 0.00000000 0.00000000 0.00000000
0.650000E+02 45
 0.91653949 0.91640376 0.91560960 0.91462625 0.91348613 0.91123259
 0.91022440 0.90687274 0.90468458 0.90489492 0.89978118 0.89578297
 0.90447140 0.90476726 0.82785235 0.61781004 0.36452280 0.18767625
 0.09145360 0.04304483 0.01976364 0.00878815 0.00371544 0.00146425
 0.00053011 0.00008973 0.00000000 0.00000000 0.00000000 0.00000000
 0.00000000 0.00000000 0.00000000 0.00000000 0.00000000 0.00000000
 0.00000000 0.00000000 0.00000000 0.00000000 0.00000000 0.00000000
 0.00000000 0.00000000 0.00000000 0.00000000
0.600000E+02 44
 0.90803584 0.90838571 0.90713014 0.90676659 0.90519596 0.90351437
 0.90286721 0.89904246 0.89896361 0.89994508 0.89322222 0.89312423
 0.90739031 0.89343454 0.75555088 0.48593398 0.24965595 0.11827349
 0.05396599 0.02397838 0.01037369 0.00429877 0.00167175 0.00059979
 0.00010014 0.00000000 0.00000000 0.00000000 0.00000000 0.00000000
 0.00000000 0.00000000 0.00000000 0.00000000 0.00000000 0.00000000
 0.00000000 0.00000000 0.00000000 0.00000000 0.00000000 0.00000000
 0.00000000 0.00000000 0.00000000
0.550000E+02 43
 0.89825583 0.89899630 0.89735358 0.89777535 0.89553574 0.89512599
 0.89432914 0.89050566 0.89372279 0.89425183 0.88591541 0.89256679
 0.90957453 0.86082856 0.63502010 0.33851271 0.15453313 0.06796151
 0.02900792 0.01210267 0.00487160 0.00185331 0.00065371 0.00010687
 0.00000000 0.00000000 0.00000000 0.00000000 0.00000000 0.00000000
 0.00000000 0.00000000 0.00000000 0.00000000 0.00000000 0.00000000
 0.00000000 0.00000000 0.00000000 0.00000000 0.00000000 0.00000000
 0.00000000 0.00000000
0.400000E+02 38
 0.86278875 0.86045961 0.86250924 0.86185073 0.86112081 0.86695151
 0.86006267 0.86965470 0.88251981 0.86427634 0.86648219 0.89246636
 0.77850464 0.39694741 0.14001607 0.05008975 0.01748710 0.00601451
 0.00200368 0.00063059 0.00009129 0.00000000 0.00000000 0.00000000
 0.00000000 0.00000000 0.00000000 0.00000000 0.00000000 0.00000000
 0.00000000 0.00000000 0.00000000 0.00000000 0.00000000 0.00000000
 0.00000000 0.00000000 0.00000000
0.360000E+02 36
 0.85128588 0.84657934 0.85184423 0.84850188 0.85171210 0.85710128
 0.84881593 0.86843680 0.87712920 0.85013334 0.86031119 0.86687546
 0.60598388 0.21967812 0.07058195 0.02325944 0.00747986 0.00236807
 0.00071598 0.00009987 0.00000000 0.00000000 0.00000000 0.00000000
 0.00000000 0.00000000 0.00000000 0.00000000 0.00000000 0.00000000
 0.00000000 0.00000000 0.00000000 0.00000000 0.00000000 0.00000000
 0.00000000
0.500000E+02 41
 0.88738000 0.88805225 0.88649414 0.88751804 0.88468247 0.88627481
 0.88444480 0.88192563 0.88945185 0.88710993 0.87854955 0.89435920
 0.90523234 0.78231151 0.46518587 0.20552728 0.08596788 0.03499948
 0.01393456 0.00539373 0.00198753 0.00068291 0.00010839 0.00000000
 0.00000000 0.00000000 0.00000000 0.00000000 0.00000000 0.00000000
 0.00000000 0.00000000 0.00000000 0.00000000 0.00000000 0.00000000
 0.00000000 0.00000000 0.00000000 0.00000000 0.00000000 0.00000000
0.450000E+02 40
 0.87568439 0.87543948 0.87493645 0.87584858 0.87313177 0.87716188
 0.87313872 0.87459148 0.88623733 0.87759791 0.87218268 0.89671169
 0.87722548 0.62637039 0.28160522 0.10922565 0.04207345 0.01578735
 0.00580605 0.00204835 0.00067805 0.00010342 0.00000000 0.00000000
 0.00000000 0.00000000 0.00000000 0.00000000 0.00000000 0.00000000
 0.00000000 0.00000000 0.00000000 0.00000000 0.00000000 0.00000000
 0.00000000 0.00000000 0.00000000 0.00000000 0.00000000
0.330000E+02 35
 0.84173257 0.83527989 0.84331296 0.83725530 0.84515761 0.84815168
 0.84066885 0.86954275 0.87000499 0.83674844 0.85142166 0.80710296
 0.42696051 0.12497583 0.03869213 0.01177884 0.00355313 0.00104387
 0.00028995 0.00003677 0.00000000 0.00000000 0.00000000 0.00000000
 0.00000000 0.00000000 0.00000000 0.00000000 0.00000000 0.00000000
 0.00000000 0.00000000 0.00000000 0.00000000 0.00000000 0.00000000
0.300000E+02 34
 0.83099899 0.82352434 0.83400906 0.82514168 0.83917828 0.83734666
 0.83357750 0.87233022 0.85847458 0.81940928 0.83037351 0.67945007
 0.24916565 0.06541014 0.01905937 0.00535666 0.00150206 0.00040463
 0.00005014 0.00000000 0.00000000 0.00000000 0.00000000 0.00000000
 0.00000000 0.00000000 0.00000000 0.00000000 0.00000000 0.00000000
 0.00000000 0.00000000 0.00000000 0.00000000 0.00000000
0.260000E+02 32
 0.81398958 0.80789295 0.81951168 0.80834298 0.83191121 0.81929922
 0.82743878 0.87716575 0.83153603 0.78500223 0.74522882 0.40306310
 0.09292938 0.02366446 0.00600265 0.00151956 0.00037728 0.00004335
 0.00000000 0.00000000 0.00000000 0.00000000 0.00000000 0.00000000
 0.00000000 0.00000000 0.00000000 0.00000000 0.00000000 0.00000000
 0.00000000 0.00000000 0.00000000
0.230000E+02 31
 0.79830637 0.79676064 0.80597955 0.79597254 0.82628722 0.80254329
 0.82690750 0.87845669 0.79579266 0.73465404 0.58798817 0.19503761
 0.03821177 0.00913905 0.00207839 0.00047939 0.00005183 0.00000000
 0.00000000 0.00000000 0.00000000 0.00000000 0.00000000 0.00000000
 0.00000000 0.00000000 0.00000000 0.00000000 0.00000000 0.00000000
 0.00000000 0.00000000
0.800000E+01 21
 0.63123096 0.73131789 0.63749999 0.76910015 0.69483962 0.61436713
 0.60698890 0.14518047 0.02725322 0.00423341 0.00029746 0.00001327
 0.00000000 0.00000000 0.00000000 0.00000000 0.00000000 0.00000000
 0.00000000 0.00000000 0.00000000 0.00000000
0.100000E+02 23
 0.66853888 0.74713217 0.67701926 0.76332793 0.74272343 0.67009797
 0.80240147 0.36835124 0.10260198 0.02155510 0.00208328 0.00023069
 0.00001246 0.00000000 0.00000000 0.00000000 0.00000000 0.00000000
 0.00000000 0.00000000 0.00000000 0.00000000 0.00000000 0.00000000
0.700000E+01 20
 0.61055024 0.72120333 0.61523367 0.77496027 0.65784311 0.57307194
 0.43802888 0.07201502 0.01172393 0.00151291 0.00009030 0.00000360
 0.00000000 0.00000000 0.00000000 0.00000000 0.00000000 0.00000000
 0.00000000 0.00000000 0.00000000
0.120000E+02 24
 0.69937645 0.75824868 0.70972448 0.76301485 0.77109717 0.70350463
 0.85385230 0.58882269 0.25056385 0.07312749 0.00967249 0.00115373
 0.00015836 0.00001030 0.00000000 0.00000000 0.00000000 0.00000000
 0.00000000 0.00000000 0.00000000 0.00000000 0.00000000 0.00000000
 0.00000000
0.160000E+02 27
 0.74596455 0.77355149 0.75729355 0.77156213 0.80386559 0.74952545
 0.84667239 0.81230302 0.57162083 0.33501773 0.09040809 0.01234740
 0.00218992 0.00036988 0.00003087 0.00000000 0.00000000 0.00000000
 0.00000000 0.00000000 0.00000000 0.00000000 0.00000000 0.00000000
 0.00000000 0.00000000 0.00000000 0.00000000
0.200000E+02 29
 0.77914779 0.78645584 0.78884027 0.78449610 0.81925840 0.78263193
 0.83153191 0.87058934 0.73515656 0.62145403 0.34801809 0.06981845
 0.01346901 0.00280997 0.00057800 0.00005733 0.00000000 0.00000000
 0.00000000 0.00000000 0.00000000 0.00000000 0.00000000 0.00000000
 0.00000000 0.00000000 0.00000000 0.00000000 0.00000000 0.00000000
0.140000E+02 26
 0.72478608 0.76661556 0.73606906 0.76644032 0.79057641 0.72855815
 0.85557454 0.73343566 0.42734344 0.18045539 0.03338929 0.00421931
 0.00066894 0.00010191 0.00000762 0.00000000 0.00000000 0.00000000
 0.00000000 0.00000000 0.00000000 0.00000000 0.00000000 0.00000000
 0.00000000 0.00000000 0.00000000
0.180000E+02 28
 0.76384949 0.77997977 0.77458234 0.77763005 0.81284085 0.76725717
 0.83793104 0.85221410 0.67001493 0.49390660 0.19650011 0.03097229
 0.00586914 0.00110061 0.00020973 0.00001896 0.00000000 0.00000000
 0.00000000 0.00000000 0.00000000 0.00000000 0.00000000 0.00000000
 0.00000000 0.00000000 0.00000000 0.00000000 0.00000000
0.100000E+01 13
 0.43841363 0.63947075 0.22147106 0.12343671 0.00531400 0.00057108
 0.00000856 0.00000010 0.00000000 0.00000000 0.00000000 0.00000000
 0.00000000
0.130000E+01 13
 0.46818120 0.65210664 0.29290137 0.24182074 0.01571130 0.00227280
 0.00004960 0.00000063 0.00000000 0.00000000 0.00000000 0.00000000
 0.00000000 0.00000000
0.200000E+01 14
 0.50718564 0.65458130 0.40567930 0.54541103 0.07904296 0.02003945
 0.00085129 0.00002141 0.00000053 0.00000000 0.00000000 0.00000000
 0.00000000 0.00000000 0.00000000
0.150000E+01 13
 0.48524566 0.65028997 0.33381279 0.33017715 0.02760449 0.00477176
 0.00012927 0.00000271 0.00000004 0.00000000 0.00000000 0.00000000
 0.00000000 0.00000000
0.300000E+01 16
 0.51823651 0.67562330 0.47872153 0.76660377 0.25663452 0.10906517
 0.00943912 0.00036837 0.00002948 0.00000031 0.00000000 0.00000000
 0.00000000 0.00000000 0.00000000 0.00000000 0.00000000
0.500000E+01 18
 0.56604373 0.69616997 0.55912025 0.79811956 0.53580621 0.42703533
 0.12172581 0.01018535 0.00126499 0.00009321 0.00000198 0.00000000
 0.00000000 0.00000000 0.00000000 0.00000000 0.00000000 0.00000000
 0.00000000
0.400000E+01 17
 0.54055768 0.68498235 0.52166903 0.80767364 0.42234891 0.27029674
 0.04153948 0.00251628 0.00026049 0.00001261 0.00000024 0.00000000
 0.00000000 0.00000000 0.00000000 0.00000000 0.00000000 0.00000000
0.200000E+00 13
 0.25101153 0.18429509 0.01454051 0.00060761 0.00000464 0.00000003
 0.00000000 0.00000000 0.00000000 0.00000000
0.400000E+00 13
 0.35706425 0.36606721 0.05888550 0.00658385 0.00009837 0.00000438
 0.00000001 0.00000000 0.00000000 0.00000000 0.00000000
0.100000E+00 13
 0.17565351 0.08316445 0.00303481 0.00005511 0.00000021 0.00000000
 0.00000000 0.00000000 0.00000000
0.600000E+01 19
 0.58909466 0.70943210 0.59011366 0.78434910 0.60812669 0.51675251
 0.26110440 0.03004954 0.00431309 0.00043824 0.00002226 0.00000077
 0.00000000 0.00000000 0.00000000 0.00000000 0.00000000 0.00000000
 0.00000000 0.00000000
0.700000E+00 13
 0.40950750 0.55696275 0.14294659 0.04208580 0.00114389 0.00008675
 0.00000079 0.00000001 0.00000000 0.00000000 0.00000000 0.00000000
0.700000E-01 13
 0.14736520 0.05328116 0.00130491 0.00001603 0.00000004 0.00000000
 0.00000000 0.00000000
0.400000E-01 13
 0.11232627 0.02540748 0.00033754 0.00000230 0.00000000 0.00000000
 0.00000000 0.00000000
0.200000E-01 13
 0.08032330 0.00960066 0.00006152 0.00000021 0.00000000 0.00000000
 0.00000000
0.100000E-02 13
 0.01846128 0.00011436 0.00000004 0.00000000 0.00000000 0.00000000
 0.00000000
0.100000E-01 13
 0.05734131 0.00350991 0.00001104 0.00000002 0.00000000 0.00000000
 0.00000000
0.500000E-02 13
 0.04084701 0.00126183 0.00000196 0.00000000 0.00000000 0.00000000
 0.00000000
