 95.000000 10 10
 0.000000E+00 -0.00000E+00 -0.00000E+00 -0.00000E+00 -0.00000E+00 -0.00000E+00 -0.00000E+00 -0.00000E+00 -0.00000E+00 -0.00000E+00 -0.00000E+00
 0.200000E+02  0.51071E+00 -0.33882E-01  0.81593E-01 -0.42956E-01 -0.39417E-01 -0.52999E-01 -0.90355E-02  0.11734E+00  0.89970E-01  0.94029E-01
 0.400000E+02  0.88260E+00  0.42955E+00  0.30584E+00 -0.10561E+00  0.23259E+00  0.37695E+00 -0.31555E-01 -0.10765E+00  0.54195E+00  0.43357E+00
 0.600000E+02  0.74329E+00  0.50341E+00  0.24392E-02 -0.25810E+00 -0.47098E-01  0.66277E+00  0.11981E+00  0.25915E+00  0.31276E+00  0.66075E+00
 0.800000E+02  0.63347E+00  0.51612E+00 -0.19464E+00 -0.10304E+00 -0.14785E-02  0.72048E+00  0.23986E+00 -0.11606E+00 -0.19186E+00  0.31827E+00
 0.100000E+03  0.69054E+00  0.85073E+00  0.71705E-01  0.24786E+00  0.25334E+00  0.82831E+00  0.40537E+00  0.82747E-01 -0.61529E+00 -0.18006E+00
 0.120000E+03  0.92490E+00  0.31335E+00  0.45977E+00  0.68483E+00  0.59985E+00  0.43949E+00  0.51240E+00 -0.17106E+00  0.10967E+00 -0.67005E+00
 0.140000E+03  0.87552E+00 -0.17765E+00  0.73723E+00  0.25094E+00 -0.10753E+00  0.49955E+00  0.51007E+00  0.33915E+00 -0.26409E-02  0.31871E+00
 0.160000E+03  0.65393E+00  0.65568E+00 -0.94599E-01 -0.23432E+00  0.81695E-01 -0.43202E+00 -0.16173E+00 -0.64004E+00  0.47294E+00  0.93723E-01
 0.180000E+03 -0.54999E-06 -0.21911E-06  0.33117E-06  0.19334E-06  0.82074E-07  0.27923E-06  0.11111E-06  0.23179E-06  0.11094E-06 -0.18474E-06
100.000000 10 10
 0.000000E+00 -0.00000E+00 -0.00000E+00 -0.00000E+00 -0.00000E+00 -0.00000E+00 -0.00000E+00 -0.00000E+00 -0.00000E+00 -0.00000E+00 -0.00000E+00
 0.200000E+02  0.60791E+00 -0.45085E-01  0.82286E-01 -0.51017E-01 -0.53584E-01 -0.64910E-01 -0.33885E-01  0.11658E+00  0.80289E-01  0.83495E-01
 0.400000E+02  0.95503E+00  0.41302E+00  0.40589E+00 -0.20998E+00  0.20652E+00  0.35064E+00 -0.29847E-01 -0.94060E-01  0.62751E+00  0.47185E+00
 0.600000E+02  0.83410E+00  0.41016E+00  0.11963E+00 -0.48642E+00 -0.22190E+00  0.57562E+00  0.13885E+00  0.22158E+00  0.21603E+00  0.61224E+00
 0.800000E+02  0.76764E+00  0.41755E+00 -0.34247E+00 -0.38072E+00 -0.19538E+00  0.60189E+00  0.23729E+00 -0.22653E+00  0.77405E-01  0.53135E+00
 0.100000E+03  0.76412E+00  0.71006E+00 -0.15147E+00  0.42810E-02  0.55310E-01  0.83403E+00  0.42816E+00  0.23385E+00 -0.31379E+00  0.43822E+00
 0.120000E+03  0.88083E+00  0.92217E+00  0.28630E+00  0.46199E+00  0.42701E+00  0.50783E+00  0.55581E+00 -0.16042E+00  0.17814E+00 -0.12557E+00
 0.140000E+03  0.70171E-01 -0.75195E+00  0.63941E+00  0.88546E+00  0.74513E+00  0.35439E+00  0.51306E+00  0.12806E+00  0.51313E-01  0.45335E-01
 0.160000E+03  0.36851E+00  0.38533E+00 -0.41646E+00 -0.62394E+00 -0.31314E+00 -0.13656E+00 -0.15423E+00 -0.61729E+00  0.16220E+00  0.64878E+00
 0.180000E+03 -0.87443E-06 -0.17173E-06  0.23290E-06  0.70060E-07 -0.29783E-07 -0.54776E-06  0.26913E-06 -0.23491E-06  0.27200E-06 -0.41856E-07
115.000000 10 10
 0.000000E+00 -0.00000E+00 -0.00000E+00 -0.00000E+00 -0.00000E+00 -0.00000E+00 -0.00000E+00 -0.00000E+00 -0.00000E+00 -0.00000E+00 -0.00000E+00
 0.200000E+02  0.83762E+00 -0.75277E-01  0.74010E-01 -0.83234E-01 -0.91222E-01 -0.97177E-01 -0.10018E+00  0.10333E+00  0.52460E-01  0.54956E-01
 0.400000E+02  0.97711E+00  0.28773E+00  0.59393E+00 -0.75118E+00  0.37991E-01  0.21924E+00 -0.11495E-01 -0.39399E-01  0.80582E+00  0.53875E+00
 0.600000E+02  0.99384E+00  0.19136E+00  0.65146E+00 -0.37363E+00 -0.71032E+00  0.29601E+00  0.27280E+00  0.14652E+00  0.33231E-01  0.30986E+00
 0.800000E+02  0.98731E+00  0.24703E+00  0.56044E+00  0.64854E+00 -0.46988E+00  0.41576E+00  0.35344E+00 -0.25691E+00  0.23816E+00  0.24742E+00
 0.100000E+03  0.93046E+00  0.38820E+00  0.73519E+00  0.46188E+00 -0.12796E+00  0.37476E+00  0.50792E+00  0.11506E+00  0.61174E-01  0.26263E+00
 0.120000E+03  0.98002E+00  0.50996E+00 -0.36411E+00 -0.71894E+00 -0.73842E+00  0.73528E+00  0.60420E+00  0.52216E+00 -0.77066E-01  0.40187E+00
 0.140000E+03  0.22127E+00  0.51237E+00  0.64628E-01  0.11442E+00  0.67077E-01 -0.38440E-01  0.53426E+00 -0.75161E+00  0.44237E+00  0.65931E+00
 0.160000E+03 -0.53830E-01  0.39409E-01  0.45054E+00  0.44915E+00  0.51284E+00  0.16296E+00 -0.94219E-01  0.84640E-01 -0.42511E+00 -0.12604E+00
 0.180000E+03  0.89820E-06  0.61327E-07  0.29284E-06  0.10088E-06 -0.20203E-06 -0.12157E-06  0.89179E-06  0.28829E-06 -0.26451E-06 -0.27146E-06
130.000000 10 10
 0.000000E+00 -0.00000E+00 -0.00000E+00 -0.00000E+00 -0.00000E+00 -0.00000E+00 -0.00000E+00 -0.00000E+00 -0.00000E+00 -0.00000E+00 -0.00000E+00
 0.200000E+02  0.82258E+00 -0.98833E-01  0.59799E-01 -0.13443E+00 -0.11757E+00 -0.12193E+00 -0.15196E+00  0.84241E-01  0.26746E-01  0.30565E-01
 0.400000E+02  0.92436E+00  0.45881E-01  0.64444E+00 -0.28001E+00 -0.27498E-01 -0.48186E-01  0.43474E-01 -0.79368E-01  0.86395E+00  0.53274E+00
 0.600000E+02  0.91088E+00  0.32350E-01  0.51546E+00  0.65334E+00  0.58395E+00  0.15452E+00  0.43310E+00 -0.11425E+00  0.18807E+00  0.75119E-01
 0.800000E+02  0.97027E+00  0.35235E+00  0.36258E+00  0.60479E+00  0.49265E+00  0.23415E-01  0.55585E+00 -0.24662E+00 -0.17432E+00 -0.16715E+00
 0.100000E+03  0.94787E+00  0.31783E+00  0.43028E+00  0.67039E+00  0.54325E+00  0.13051E+00  0.65510E+00 -0.25066E+00  0.38975E-01 -0.72189E+00
 0.120000E+03  0.60971E+00 -0.34461E+00  0.49248E+00  0.78803E+00  0.65418E+00  0.30946E+00  0.65378E+00  0.60598E-01  0.77853E+00 -0.26835E+00
 0.140000E+03 -0.32580E+00  0.23088E+00  0.59219E+00 -0.26773E+00  0.97159E-01  0.58352E+00  0.54691E+00  0.44925E+00 -0.34280E+00  0.14768E+00
 0.160000E+03  0.39015E+00  0.59296E+00 -0.47083E+00 -0.32091E+00  0.10704E-01 -0.17687E+00  0.37607E-01 -0.33226E+00  0.21435E+00  0.35596E+00
 0.180000E+03  0.11477E-06 -0.20996E-06  0.32305E-06  0.37860E-07 -0.21136E-06 -0.39991E-06  0.67084E-06  0.76799E-07  0.29089E-06  0.12820E-06
150.000000 10 10
 0.000000E+00 -0.00000E+00 -0.00000E+00 -0.00000E+00 -0.00000E+00 -0.00000E+00 -0.00000E+00 -0.00000E+00 -0.00000E+00 -0.00000E+00 -0.00000E+00
 0.200000E+02  0.62826E+00 -0.11514E+00  0.38299E-01 -0.27721E+00 -0.10588E+00 -0.13268E+00 -0.18155E+00  0.56320E-01 -0.46317E-02  0.28942E-02
 0.400000E+02  0.91074E+00 -0.27443E+00  0.61560E+00  0.51669E+00  0.80235E+00 -0.48719E+00  0.16626E+00 -0.24128E+00  0.72900E+00  0.37966E+00
 0.600000E+02  0.78032E+00  0.76951E-01  0.27507E+00  0.35568E+00  0.40539E+00 -0.49495E+00  0.45870E+00 -0.17582E+00  0.56517E+00 -0.30090E+00
 0.800000E+02  0.94086E+00  0.80538E+00  0.83421E-01  0.27644E+00  0.22505E+00  0.48807E+00  0.61232E+00  0.10887E+00 -0.54476E+00  0.21297E+00
 0.100000E+03 -0.23079E+00  0.72953E+00 -0.32794E+00  0.17296E+00  0.66399E-01  0.80498E+00  0.73808E+00  0.51686E+00 -0.52517E-01  0.40859E+00
 0.120000E+03  0.45015E+00  0.58830E+00 -0.27009E+00  0.89101E-01 -0.55489E-02  0.78032E+00  0.72478E+00  0.48549E+00  0.24962E+00  0.52184E+00
 0.140000E+03  0.28830E+00  0.74105E+00  0.34600E-02  0.24556E+00  0.32948E+00 -0.37542E+00  0.60766E+00 -0.46122E+00  0.34534E+00  0.29096E+00
 0.160000E+03  0.87229E+00 -0.26712E+00 -0.19901E+00  0.20477E+00  0.34355E+00  0.31064E+00  0.31004E+00 -0.13434E+00  0.44219E-01  0.16127E+00
 0.180000E+03 -0.48145E-06  0.46176E-06  0.33928E-06  0.42129E-06 -0.44026E-06 -0.38523E-06  0.38366E-06  0.26113E-06 -0.32663E-06 -0.45936E-06
160.000000 10 10
 0.000000E+00 -0.00000E+00 -0.00000E+00 -0.00000E+00 -0.00000E+00 -0.00000E+00 -0.00000E+00 -0.00000E+00 -0.00000E+00 -0.00000E+00 -0.00000E+00
 0.200000E+02  0.59740E+00 -0.12011E+00  0.28568E-01 -0.43169E+00 -0.59725E-01 -0.12848E+00 -0.16925E+00  0.43578E-01 -0.19041E-01 -0.91477E-02
 0.400000E+02  0.90627E+00 -0.39478E+00  0.55914E+00  0.43185E+00  0.85922E+00 -0.62297E+00  0.23394E+00 -0.21828E+00  0.56877E+00  0.26688E+00
 0.600000E+02  0.74156E+00  0.61750E+00  0.19565E+00  0.25304E+00  0.30036E+00 -0.59580E+00  0.45542E+00 -0.20999E+00  0.82608E+00 -0.43082E+00
 0.800000E+02  0.96622E+00  0.74990E+00 -0.55454E+00 -0.69997E-02 -0.94629E-01  0.36352E+00  0.63529E+00  0.14836E+00 -0.48441E+00  0.23436E+00
 0.100000E+03 -0.88481E+00  0.59787E+00  0.42475E+00 -0.30740E+00 -0.59220E+00  0.55885E+00  0.76434E+00  0.37735E+00 -0.48774E+00  0.31276E+00
 0.120000E+03  0.47181E+00  0.26472E+00  0.50929E+00 -0.89267E+00 -0.32274E+00  0.65238E+00  0.74995E+00  0.50544E+00 -0.62992E-01  0.35404E+00
 0.140000E+03  0.13047E+00 -0.39829E-01 -0.57770E+00 -0.46340E+00 -0.53999E+00  0.16300E+00  0.65043E+00  0.38275E-01  0.20829E+00  0.50129E+00
 0.160000E+03 -0.46141E+00  0.58200E+00  0.23922E+00  0.11628E+00 -0.51740E+00 -0.22822E+00  0.47740E+00  0.76859E-01  0.15527E+00 -0.68081E-01
 0.180000E+03  0.21519E-06 -0.13662E-06 -0.55997E-06 -0.18547E-06  0.27431E-06  0.11308E-06  0.28302E-06 -0.27804E-06 -0.29669E-06  0.85236E-07
180.000000 10 10
 0.000000E+00 -0.00000E+00 -0.00000E+00 -0.00000E+00 -0.00000E+00 -0.00000E+00 -0.00000E+00 -0.00000E+00 -0.00000E+00 -0.00000E+00 -0.00000E+00
 0.200000E+02  0.67764E+00 -0.13773E+00  0.10199E-01 -0.98334E+00  0.20697E+00 -0.10158E+00 -0.92644E-01  0.19197E-01 -0.44900E-01 -0.29737E-01
 0.400000E+02  0.85387E+00 -0.57958E+00  0.40364E+00  0.29450E+00  0.70118E+00 -0.73691E+00  0.35111E+00  0.13318E+00  0.22418E+00  0.12695E-01
 0.600000E+02  0.61089E+00  0.76629E+00 -0.13738E+00 -0.57124E-01  0.64734E-01 -0.39409E+00  0.52498E+00 -0.31594E+00  0.25835E+00  0.24778E+00
 0.800000E+02  0.93519E+00  0.66960E+00  0.35815E+00  0.62686E+00  0.34377E+00  0.15253E+00  0.77678E+00  0.22083E-01  0.29105E+00  0.85518E-01
 0.100000E+03 -0.84796E-01 -0.46160E-01  0.46689E+00  0.64743E+00  0.55344E+00  0.23856E+00  0.83482E+00 -0.17748E-01  0.56083E+00 -0.82271E+00
 0.120000E+03  0.94732E+00  0.34837E+00  0.42717E+00  0.59722E+00  0.44281E+00  0.76170E-01  0.80797E+00  0.27103E-01  0.41441E+00 -0.30037E+00
 0.140000E+03 -0.28117E+00 -0.55380E-01  0.35856E+00  0.47083E+00  0.18898E+00 -0.37381E-01  0.76224E+00  0.12146E+00  0.23725E+00 -0.35242E+00
 0.160000E+03  0.25017E+00  0.31070E+00  0.58902E-01  0.92673E-01  0.22415E+00  0.10612E+00  0.60469E+00  0.10510E+00 -0.52356E+00 -0.55449E+00
 0.180000E+03 -0.18305E-06 -0.13655E-06  0.40524E-07 -0.20729E-08  0.64139E-07  0.72624E-06  0.11114E-06 -0.29640E-06  0.19696E-06  0.36677E-06
200.000000 10 10
 0.000000E+00 -0.00000E+00 -0.00000E+00 -0.00000E+00 -0.00000E+00 -0.00000E+00 -0.00000E+00 -0.00000E+00 -0.00000E+00 -0.00000E+00 -0.00000E+00
 0.200000E+02  0.83443E+00 -0.24284E+00 -0.59316E-02 -0.36510E+00  0.58302E+00 -0.12661E+00 -0.14530E-01 -0.26235E-02 -0.68681E-01 -0.47497E-01
 0.400000E+02  0.72167E+00 -0.37543E+00  0.24586E+00  0.19700E+00  0.55096E+00 -0.71512E+00  0.42425E+00  0.70428E+00 -0.31122E-01 -0.33816E+00
 0.600000E+02  0.69508E+00  0.71812E+00  0.24082E+00  0.32613E+00 -0.53229E+00 -0.24364E+00  0.70505E+00 -0.36812E+00  0.46034E-01  0.20988E+00
 0.800000E+02  0.84837E+00  0.35853E+00  0.35956E+00  0.54363E+00  0.39704E+00 -0.19221E+00  0.84824E+00 -0.86452E+00  0.10624E+00  0.97005E-01
 0.100000E+03  0.24367E+00  0.36376E+00 -0.85361E-02  0.40097E+00  0.23118E+00  0.52259E+00  0.85173E+00  0.38419E+00  0.25700E+00  0.51111E+00
 0.120000E+03  0.29419E+00 -0.16517E+00  0.13922E+00 -0.42909E+00 -0.85021E+00  0.49446E+00  0.83556E+00  0.40456E+00  0.56373E-01  0.31062E+00
 0.140000E+03 -0.16647E+00  0.15914E-01  0.31362E+00 -0.23012E+00 -0.31754E+00  0.26166E+00  0.79331E+00  0.20535E+00 -0.52611E-01  0.16385E+00
 0.160000E+03  0.52756E+00 -0.15996E+00 -0.15929E+00 -0.33050E-02 -0.22483E-01  0.17151E+00  0.57230E+00 -0.24905E+00  0.30798E+00  0.26704E+00
 0.180000E+03 -0.79387E-07 -0.32645E-06  0.40188E-06  0.65487E-06 -0.53507E-06 -0.74261E-06 -0.13411E-06  0.40694E-06  0.22539E-06 -0.79259E-07
 90.000000 10 10
 0.000000E+00 -0.00000E+00 -0.00000E+00 -0.00000E+00 -0.00000E+00 -0.00000E+00 -0.00000E+00 -0.00000E+00 -0.00000E+00 -0.00000E+00 -0.00000E+00
 0.200000E+02  0.41536E+00 -0.22000E-01  0.77175E-01 -0.35852E-01 -0.24280E-01 -0.40321E-01  0.17274E-01  0.11378E+00  0.99025E-01  0.10441E+00
 0.400000E+02  0.77977E+00  0.43361E+00  0.19454E+00 -0.24445E-01  0.24714E+00  0.39517E+00 -0.34680E-01 -0.11618E+00  0.44967E+00  0.38822E+00
 0.600000E+02  0.66200E+00  0.59284E+00 -0.38782E-01 -0.76878E-01  0.10781E+00  0.73078E+00  0.10674E+00  0.31453E+00  0.35203E+00  0.65619E+00
 0.800000E+02  0.54683E+00  0.63598E+00 -0.61519E-01  0.11055E+00  0.17106E+00  0.84798E+00  0.25598E+00  0.11074E-01 -0.14737E+00 -0.15025E+00
 0.100000E+03  0.69040E+00  0.80655E+00  0.24112E+00  0.45451E+00  0.42769E+00  0.82966E+00  0.36797E+00  0.41676E-01 -0.31492E+00 -0.64697E+00
 0.120000E+03  0.97733E+00 -0.35996E+00  0.61157E+00  0.89727E+00  0.75913E+00  0.50064E+00  0.45345E+00 -0.37828E-01 -0.42051E-01  0.19492E-01
 0.140000E+03  0.82034E+00  0.43957E+00 -0.36747E+00 -0.96061E+00 -0.81151E+00  0.58299E+00  0.51002E+00  0.58237E+00  0.11247E+00  0.48565E+00
 0.160000E+03  0.55345E+00  0.67918E+00  0.22982E+00  0.39450E+00  0.47802E+00 -0.29698E+00 -0.16317E+00 -0.27995E+00  0.74670E+00 -0.90719E+00
 0.180000E+03  0.23864E-06 -0.64554E-06 -0.31321E-07  0.28437E-06  0.12355E-06  0.94333E-06  0.10778E-06  0.10135E-06 -0.24994E-06  0.52464E-07
 85.000000 10 10
 0.000000E+00 -0.00000E+00 -0.00000E+00 -0.00000E+00 -0.00000E+00 -0.00000E+00 -0.00000E+00 -0.00000E+00 -0.00000E+00 -0.00000E+00 -0.00000E+00
 0.200000E+02  0.32532E+00 -0.10604E-01  0.69336E-01 -0.29873E-01 -0.90600E-02 -0.28099E-01  0.45202E-01  0.10653E+00  0.10857E+00  0.11561E+00
 0.400000E+02  0.66305E+00  0.42965E+00  0.90258E-01  0.40321E-01  0.25603E+00  0.41079E+00 -0.44746E-01 -0.11568E+00  0.34912E+00  0.33061E+00
 0.600000E+02  0.61127E+00  0.65516E+00 -0.17056E-01  0.75709E-01  0.23101E+00  0.76437E+00  0.94807E-01  0.36781E+00  0.34218E+00  0.61840E+00
 0.800000E+02  0.53961E+00  0.71640E+00  0.63319E-01  0.30191E+00  0.35055E+00  0.88559E+00  0.27964E+00  0.13096E+00 -0.83658E-01 -0.32012E+00
 0.100000E+03  0.77168E+00  0.25008E-01  0.38217E+00  0.66794E+00  0.60765E+00  0.84278E+00  0.30774E+00  0.12419E+00 -0.26567E-01 -0.28892E+00
 0.120000E+03  0.98827E+00 -0.11371E+00  0.80111E+00  0.90020E+00  0.45481E+00  0.56858E+00  0.38959E+00  0.94908E-01  0.52289E+00  0.29948E+00
 0.140000E+03  0.65866E+00  0.74764E+00 -0.44835E+00 -0.46036E+00 -0.12050E+00  0.62715E+00  0.50728E+00  0.82291E+00  0.26415E+00  0.64680E+00
 0.160000E+03  0.54753E+00 -0.19389E+00  0.56144E+00  0.90273E+00  0.81782E+00 -0.10161E+00 -0.16229E+00  0.99433E-02  0.31886E-01 -0.22774E+00
 0.180000E+03  0.17565E-06 -0.32613E-06 -0.98749E-07  0.60513E-07 -0.18217E-06  0.69446E-06  0.11795E-06  0.41100E-07 -0.53349E-06  0.53739E-06
 80.000000 10 10
 0.000000E+00 -0.00000E+00 -0.00000E+00 -0.00000E+00 -0.00000E+00 -0.00000E+00 -0.00000E+00 -0.00000E+00 -0.00000E+00 -0.00000E+00 -0.00000E+00
 0.200000E+02  0.24255E+00  0.25479E-03  0.55956E-01 -0.24905E-01  0.64385E-02 -0.16168E-01  0.74793E-01  0.92733E-01  0.11717E+00  0.12636E+00
 0.400000E+02  0.54853E+00  0.41614E+00  0.32546E-02  0.92455E-01  0.25932E+00  0.42129E+00 -0.70234E-01 -0.10899E+00  0.24805E+00  0.26419E+00
 0.600000E+02  0.58539E+00  0.68483E+00  0.35429E-01  0.20918E+00  0.32016E+00  0.77725E+00  0.79299E-01  0.40845E+00  0.30372E+00  0.53921E+00
 0.800000E+02  0.61627E+00  0.60644E+00  0.19163E+00  0.49025E+00  0.52032E+00  0.76740E+00  0.30182E+00  0.26239E+00  0.12035E-01 -0.25848E+00
 0.100000E+03  0.88566E+00 -0.36889E+00  0.52921E+00  0.88431E+00  0.69763E+00  0.63304E+00  0.22827E+00  0.14117E+00  0.17881E+00  0.15207E-01
 0.120000E+03  0.91046E+00  0.18789E+00  0.47536E+00 -0.31572E+00 -0.95131E+00  0.62946E+00  0.33213E+00  0.16700E+00  0.63953E+00  0.47523E+00
 0.140000E+03  0.45672E+00  0.95000E+00  0.15974E-01  0.10196E+00  0.26378E+00  0.65349E+00  0.49606E+00  0.60937E+00  0.37910E+00  0.45318E+00
 0.160000E+03  0.86308E+00 -0.70207E+00  0.68716E+00  0.58854E+00  0.17309E+00  0.39129E-01 -0.16244E+00  0.29982E+00  0.47090E-01  0.27592E+00
 0.180000E+03 -0.20847E-06  0.19023E-06 -0.20145E-06 -0.76282E-06 -0.27103E-06  0.76586E-07  0.12710E-06  0.85167E-08  0.23392E-06  0.33853E-07
 75.000000 10 10
 0.000000E+00 -0.00000E+00 -0.00000E+00 -0.00000E+00 -0.00000E+00 -0.00000E+00 -0.00000E+00 -0.00000E+00 -0.00000E+00 -0.00000E+00 -0.00000E+00
 0.200000E+02  0.16728E+00  0.94553E-02  0.37128E-01 -0.20853E-01  0.21626E-01 -0.55324E-02  0.10614E+00  0.72745E-01  0.12601E+00  0.13763E+00
 0.400000E+02  0.44567E+00  0.39359E+00 -0.54581E-01  0.13521E+00  0.25829E+00  0.42795E+00 -0.12297E+00 -0.95460E-01  0.14871E+00  0.18783E+00
 0.600000E+02  0.57844E+00  0.68157E+00  0.84470E-01  0.32713E+00  0.37619E+00  0.76810E+00  0.57360E-01  0.42065E+00  0.25864E+00  0.42809E+00
 0.800000E+02  0.72400E+00  0.34256E+00  0.31070E+00  0.67957E+00  0.64537E+00  0.55060E+00  0.30853E+00  0.36892E+00  0.16591E+00 -0.10458E+00
 0.100000E+03  0.96967E+00 -0.26806E+00  0.63364E+00  0.92886E+00  0.16983E+00  0.38838E+00  0.15229E+00  0.80574E-01  0.43241E+00  0.26614E+00
 0.120000E+03  0.76678E+00  0.40509E+00 -0.60231E+00 -0.78289E+00 -0.49344E+00  0.70267E+00  0.28407E+00  0.20599E+00  0.38568E+00  0.59788E+00
 0.140000E+03  0.42604E+00  0.67657E+00  0.35279E+00  0.52669E+00  0.55415E+00  0.68418E+00  0.47239E+00  0.11699E+00  0.54179E+00 -0.82146E+00
 0.160000E+03  0.82465E+00 -0.15859E-01 -0.44366E+00 -0.83063E+00 -0.91907E+00  0.15008E+00 -0.17168E+00  0.55858E+00  0.28126E+00  0.62309E+00
 0.180000E+03  0.24856E-07  0.65683E-06 -0.26297E-06 -0.16190E-07  0.55286E-07 -0.14099E-06  0.14060E-06 -0.10478E-06 -0.47291E-07 -0.13580E-06
 70.000000 10 10
 0.000000E+00 -0.00000E+00 -0.00000E+00 -0.00000E+00 -0.00000E+00 -0.00000E+00 -0.00000E+00 -0.00000E+00 -0.00000E+00 -0.00000E+00 -0.00000E+00
 0.200000E+02  0.99292E-01  0.15787E-01  0.11730E-01 -0.17879E-01  0.35875E-01  0.29887E-02  0.13937E+00  0.44712E-01  0.13367E+00  0.14796E+00
 0.400000E+02  0.35807E+00  0.36342E+00 -0.85567E-01  0.17055E+00  0.25405E+00  0.43029E+00 -0.20850E+00 -0.77299E-01  0.57576E-01  0.10839E+00
 0.600000E+02  0.57961E+00  0.64543E+00  0.11690E+00  0.43515E+00  0.40554E+00  0.73193E+00  0.28611E-01  0.41068E+00  0.23153E+00  0.31119E+00
 0.800000E+02  0.82589E+00  0.15478E+00  0.40137E+00  0.85120E+00  0.67482E+00  0.30128E+00  0.28403E+00  0.38575E+00  0.37739E+00  0.10733E+00
 0.100000E+03  0.98348E+00 -0.10676E+00  0.48001E+00  0.11709E+00 -0.53343E+00  0.36163E+00  0.11102E+00  0.85973E-01  0.70964E+00  0.51664E+00
 0.120000E+03  0.58256E+00  0.63477E+00 -0.27371E+00 -0.25741E+00 -0.50696E-01  0.79379E+00  0.23674E+00  0.23049E+00 -0.17522E+00  0.24502E+00
 0.140000E+03  0.77630E+00 -0.41264E+00  0.64754E+00  0.88851E+00  0.76695E+00  0.67305E+00  0.44056E+00  0.17962E+00  0.76533E+00 -0.63619E-01
 0.160000E+03  0.67866E+00  0.58671E+00 -0.55596E+00 -0.83048E+00 -0.22547E+00  0.28418E+00 -0.19668E+00  0.65517E+00  0.53774E+00  0.84669E+00
 0.180000E+03 -0.10001E-06  0.15462E-07  0.39288E-06  0.35657E-06  0.54814E-06 -0.17753E-06  0.15735E-06 -0.23530E-06 -0.24655E-06 -0.24322E-06
 65.000000 10 10
 0.000000E+00 -0.00000E+00 -0.00000E+00 -0.00000E+00 -0.00000E+00 -0.00000E+00 -0.00000E+00 -0.00000E+00 -0.00000E+00 -0.00000E+00 -0.00000E+00
 0.200000E+02  0.37636E-01  0.17655E-01 -0.19240E-01 -0.15521E-01  0.48410E-01  0.82269E-02  0.17472E+00  0.98207E-02  0.14135E+00  0.15812E+00
 0.400000E+02  0.28565E+00  0.32418E+00 -0.94291E-01  0.19907E+00  0.24512E+00  0.42597E+00 -0.30002E+00 -0.55891E-01 -0.19163E-01  0.34329E-01
 0.600000E+02  0.58108E+00  0.57811E+00  0.13884E+00  0.54111E+00  0.41683E+00  0.65038E+00 -0.41123E-02  0.38818E+00  0.21578E+00  0.22954E+00
 0.800000E+02  0.90059E+00  0.11027E+00  0.44243E+00  0.95250E+00  0.58321E+00  0.13500E+00  0.21928E+00  0.35541E+00  0.55734E+00  0.29862E+00
 0.100000E+03  0.92599E+00  0.11198E+00  0.16786E+00 -0.87775E+00 -0.49162E+00  0.54402E+00  0.11831E+00  0.20422E+00  0.61896E+00  0.64963E+00
 0.120000E+03  0.45838E+00  0.82423E+00  0.68398E-01  0.21701E+00  0.27757E+00  0.82660E+00  0.17296E+00  0.24377E+00 -0.14100E+00 -0.61825E+00
 0.140000E+03  0.96349E+00 -0.33320E+00  0.83142E+00  0.91223E+00  0.31271E+00  0.57589E+00  0.41230E+00  0.27681E+00  0.79860E+00  0.38239E+00
 0.160000E+03  0.52365E+00  0.91943E+00  0.52108E-02 -0.23895E+00  0.33053E+00  0.42163E+00 -0.24113E+00  0.50650E+00  0.76038E+00  0.29335E+00
 0.180000E+03 -0.73499E-07 -0.49001E-06  0.27283E-06  0.41754E-06 -0.86527E-07 -0.26193E-06  0.17721E-06 -0.28814E-06 -0.23559E-06 -0.24001E-06
 60.000000 10 10
 0.000000E+00 -0.00000E+00 -0.00000E+00 -0.00000E+00 -0.00000E+00 -0.00000E+00 -0.00000E+00 -0.00000E+00 -0.00000E+00 -0.00000E+00 -0.00000E+00
 0.200000E+02 -0.18123E-01  0.12644E-01 -0.54649E-01 -0.13603E-01  0.57635E-01  0.84533E-02  0.21224E+00 -0.31427E-01  0.14815E+00  0.16678E+00
 0.400000E+02  0.22510E+00  0.27802E+00 -0.89592E-01  0.22018E+00  0.23225E+00  0.41347E+00 -0.33672E+00 -0.32902E-01 -0.76385E-01 -0.23231E-01
 0.600000E+02  0.58104E+00  0.46874E+00  0.14871E+00  0.65348E+00  0.40393E+00  0.48436E+00 -0.34758E-01  0.35269E+00  0.20900E+00  0.18896E+00
 0.800000E+02  0.94459E+00  0.16701E+00  0.46336E+00  0.71555E+00  0.34843E+00  0.14409E+00  0.12139E+00  0.31703E+00  0.63492E+00  0.40448E+00
 0.100000E+03  0.81776E+00  0.41713E+00  0.54350E-01 -0.55922E+00 -0.12849E+00  0.74742E+00  0.15744E+00  0.35504E+00  0.41964E+00  0.55416E+00
 0.120000E+03  0.55693E+00  0.53766E+00  0.35231E+00  0.62369E+00  0.55273E+00  0.76399E+00  0.78623E-01  0.28962E+00  0.10593E+00 -0.36267E+00
 0.140000E+03  0.89216E+00  0.69169E-02  0.17062E+00 -0.28814E+00 -0.91933E+00  0.54610E+00  0.39753E+00  0.32180E+00  0.62455E+00  0.65211E+00
 0.160000E+03  0.44253E+00  0.29732E+00  0.45996E+00  0.38017E+00  0.75778E+00  0.46888E+00 -0.30421E+00  0.48741E+00  0.80553E+00 -0.35994E+00
 0.180000E+03  0.32553E-07 -0.43312E-06 -0.77909E-07  0.10113E-06 -0.25509E-06 -0.33246E-06  0.19409E-06 -0.20789E-06 -0.21540E-06 -0.17678E-06
 55.000000 10 10
 0.000000E+00 -0.00000E+00 -0.00000E+00 -0.00000E+00 -0.00000E+00 -0.00000E+00 -0.00000E+00 -0.00000E+00 -0.00000E+00 -0.00000E+00 -0.00000E+00
 0.200000E+02 -0.69094E-01 -0.16968E-02 -0.91641E-01 -0.11400E-01  0.61632E-01  0.18067E-02  0.25156E+00 -0.76102E-01  0.15494E+00  0.17409E+00
 0.400000E+02  0.17434E+00  0.22331E+00 -0.79469E-01  0.22976E+00  0.21259E+00  0.38548E+00 -0.29695E+00 -0.10814E-01 -0.10904E+00 -0.54748E-01
 0.600000E+02  0.57724E+00  0.32561E+00  0.15196E+00  0.75311E+00  0.35334E+00  0.25049E+00 -0.55352E-01  0.30788E+00  0.20257E+00  0.16845E+00
 0.800000E+02  0.96014E+00  0.24581E+00  0.46230E+00 -0.26563E+00  0.12114E+00  0.23724E+00  0.11025E-01  0.27659E+00  0.64104E+00  0.43958E+00
 0.100000E+03  0.70358E+00  0.67160E+00  0.12508E+00 -0.31554E-03  0.22393E+00  0.83465E+00  0.19621E+00  0.47004E+00  0.36516E+00  0.42788E+00
 0.120000E+03  0.81476E+00  0.15781E+00  0.57123E+00  0.91253E+00  0.65913E+00  0.65242E+00 -0.15366E-01  0.33140E+00  0.58085E+00  0.18523E+00
 0.140000E+03  0.72935E+00  0.37853E+00 -0.48570E+00 -0.85498E+00 -0.33835E+00  0.63477E+00  0.38871E+00  0.39627E+00  0.25809E+00  0.60181E+00
 0.160000E+03  0.62666E+00 -0.42961E+00  0.79849E+00  0.86897E+00  0.84551E+00  0.25590E+00 -0.38424E+00  0.60326E+00  0.82023E+00  0.38677E+00
 0.180000E+03  0.20624E-08 -0.18726E-07 -0.19718E-06 -0.22505E-06 -0.25853E-06 -0.33848E-06  0.18243E-06 -0.23887E-06 -0.24881E-06 -0.48869E-06
 50.000000 10 10
 0.000000E+00 -0.00000E+00 -0.00000E+00 -0.00000E+00 -0.00000E+00 -0.00000E+00 -0.00000E+00 -0.00000E+00 -0.00000E+00 -0.00000E+00 -0.00000E+00
 0.200000E+02 -0.11603E+00 -0.26755E-01 -0.12705E+00 -0.65315E-02  0.58484E-01 -0.12717E-01  0.29220E+00 -0.12066E+00  0.16292E+00  0.18050E+00
 0.400000E+02  0.13090E+00  0.15716E+00 -0.72456E-01  0.21706E+00  0.18019E+00  0.32650E+00 -0.21670E+00  0.59975E-02 -0.11445E+00 -0.56578E-01
 0.600000E+02  0.56676E+00  0.17770E+00  0.14512E+00  0.64928E+00  0.23938E+00  0.62900E-01 -0.53407E-01  0.24812E+00  0.19638E+00  0.15630E+00
 0.800000E+02  0.92804E+00  0.29051E+00  0.41442E+00 -0.37549E+00  0.99969E-01  0.31128E+00 -0.93687E-01  0.24531E+00  0.60429E+00  0.43381E+00
 0.100000E+03  0.65219E+00  0.78978E+00  0.24128E+00  0.38186E+00  0.42232E+00  0.87046E+00  0.21039E+00  0.48104E+00  0.41332E+00  0.40422E+00
 0.120000E+03  0.96819E+00  0.13287E+00  0.62184E+00  0.97834E+00  0.50511E+00  0.56984E+00  0.26301E-02  0.35128E+00  0.90421E+00  0.61667E+00
 0.140000E+03  0.52977E+00  0.72057E+00 -0.83131E-01 -0.25889E+00  0.16406E+00  0.71871E+00  0.33162E+00  0.45499E+00  0.13099E+00 -0.57011E-01
 0.160000E+03  0.97124E+00 -0.10793E+00  0.48606E+00  0.40467E+00 -0.88591E-01  0.10591E+00 -0.47959E+00  0.72867E+00  0.74169E+00  0.84187E+00
 0.180000E+03  0.42972E-07  0.15147E-06 -0.30355E-06 -0.86541E-06 -0.34676E-06 -0.24981E-06  0.10884E-06 -0.23664E-06 -0.20384E-06 -0.33635E-06
 45.000000 10 10
 0.000000E+00 -0.00000E+00 -0.00000E+00 -0.00000E+00 -0.00000E+00 -0.00000E+00 -0.00000E+00 -0.00000E+00 -0.00000E+00 -0.00000E+00 -0.00000E+00
 0.200000E+02 -0.15849E+00 -0.63448E-01 -0.15795E+00  0.60226E-02  0.44793E-01 -0.36414E-01  0.33419E+00 -0.16266E+00  0.17210E+00  0.18506E+00
 0.400000E+02  0.91412E-01  0.78373E-01 -0.72218E-01  0.16339E+00  0.12638E+00  0.21861E+00 -0.13213E+00  0.15110E-01 -0.98026E-01 -0.36526E-01
 0.600000E+02  0.54460E+00  0.69178E-01  0.12370E+00  0.10029E+00  0.96756E-01 -0.36708E-02 -0.10621E-01  0.16631E+00  0.18591E+00  0.14349E+00
 0.800000E+02  0.78952E+00  0.30355E+00  0.24726E+00 -0.12047E+00  0.13341E+00  0.35776E+00 -0.18233E+00  0.22508E+00  0.51483E+00  0.39208E+00
 0.100000E+03  0.67843E+00  0.80475E+00  0.28764E+00  0.62342E+00  0.49799E+00  0.87601E+00  0.18487E+00  0.42220E+00  0.45623E+00  0.40910E+00
 0.120000E+03  0.99020E+00  0.30928E+00  0.54643E+00  0.60989E+00  0.34167E+00  0.51348E+00  0.14428E+00  0.41653E+00  0.83497E+00  0.73500E+00
 0.140000E+03  0.45694E+00  0.78366E+00  0.30783E+00  0.46971E+00  0.47496E+00  0.76253E+00  0.66283E-01  0.44652E+00  0.39717E+00  0.47501E-01
 0.160000E+03  0.95499E+00  0.28321E+00 -0.55952E+00 -0.56563E+00  0.14693E-01  0.29797E+00 -0.55499E+00  0.75858E+00  0.37983E+00  0.81910E+00
 0.180000E+03  0.89636E-08 -0.54227E-07  0.11583E-05  0.56539E-06 -0.74842E-06 -0.34700E-07 -0.17314E-07 -0.26494E-06 -0.11752E-06 -0.27576E-06
 40.000000 10 10
 0.000000E+00 -0.00000E+00 -0.00000E+00 -0.00000E+00 -0.00000E+00 -0.00000E+00 -0.00000E+00 -0.00000E+00 -0.00000E+00 -0.00000E+00 -0.00000E+00
 0.200000E+02 -0.19478E+00 -0.10898E+00 -0.18124E+00  0.43527E-01  0.18661E-01 -0.67902E-01  0.37597E+00 -0.19908E+00  0.18364E+00  0.18845E+00
 0.400000E+02  0.53650E-01 -0.14462E-01 -0.83798E-01  0.38843E-01  0.31593E-01  0.65802E-01 -0.53105E-01  0.11475E-01 -0.66619E-01 -0.58177E-02
 0.600000E+02  0.49551E+00  0.10668E-01  0.73696E-01 -0.23541E+00  0.24181E-01  0.75505E-02  0.52381E-01  0.58414E-01  0.17208E+00  0.12725E+00
 0.800000E+02  0.51565E+00  0.29248E+00  0.67777E-01  0.32931E-01  0.14940E+00  0.38408E+00 -0.22371E+00  0.21445E+00  0.34481E+00  0.29274E+00
 0.100000E+03  0.70847E+00  0.68984E+00  0.29745E+00  0.78505E+00  0.48900E+00  0.62070E+00  0.10650E+00  0.34611E+00  0.44890E+00  0.36948E+00
 0.120000E+03  0.95930E+00  0.52022E+00  0.48264E+00  0.60722E-01  0.35407E+00  0.57407E+00  0.27216E+00  0.45738E+00  0.74596E+00  0.67476E+00
 0.140000E+03  0.73984E+00  0.66529E+00  0.49786E+00  0.89032E+00  0.57020E+00  0.80697E+00 -0.10958E+00  0.32554E+00  0.77859E+00  0.56477E+00
 0.160000E+03  0.75923E+00  0.41499E+00 -0.27808E-01 -0.37143E+00  0.49880E+00  0.41889E+00 -0.36914E+00  0.70723E+00  0.12893E-01  0.16976E+00
 0.180000E+03 -0.14377E-07 -0.13183E-07  0.14586E-06  0.36228E-06 -0.25642E-06 -0.55008E-07 -0.93708E-07 -0.27177E-06  0.12338E-06 -0.78327E-07
 30.000000 10 10
 0.000000E+00 -0.00000E+00 -0.00000E+00 -0.00000E+00 -0.00000E+00 -0.00000E+00 -0.00000E+00 -0.00000E+00 -0.00000E+00 -0.00000E+00 -0.00000E+00
 0.200000E+02 -0.20962E+00 -0.19877E+00 -0.19611E+00  0.15602E+00 -0.65122E-01 -0.14272E+00  0.46230E+00 -0.23023E+00  0.20902E+00  0.18019E+00
 0.400000E+02 -0.29903E-01 -0.16572E+00 -0.15021E+00 -0.44675E+00 -0.19287E+00 -0.73708E-01  0.73449E-01 -0.54910E-01 -0.27577E-04  0.36856E-01
 0.600000E+02  0.17625E+00 -0.41994E-01 -0.13663E+00 -0.25048E+00  0.31155E-01  0.84356E-01  0.70517E-01 -0.14392E+00  0.13153E+00  0.70601E-01
 0.800000E+02  0.14531E+00  0.18708E+00 -0.46656E-01  0.16209E+00  0.11665E+00  0.31822E+00  0.15150E-01  0.18040E+00  0.64352E-01  0.10470E+00
 0.100000E+03  0.68329E+00  0.78961E-01  0.16834E+00 -0.15436E+00  0.22622E-01  0.13279E-01 -0.91268E-02  0.72790E-01  0.40604E+00  0.29242E+00
 0.120000E+03  0.57276E+00  0.57823E+00  0.20380E+00  0.36605E+00  0.35166E+00  0.71344E+00  0.25702E+00  0.33523E+00  0.35450E+00  0.32475E+00
 0.140000E+03  0.98400E+00  0.48670E+00  0.14527E+00  0.72646E+00  0.42892E+00  0.60496E+00  0.25430E+00  0.37861E-01  0.64991E+00  0.55796E+00
 0.160000E+03  0.25945E+00  0.19111E+00  0.19706E+00  0.56756E+00  0.13868E+00  0.24313E+00 -0.19375E-01 -0.47192E-01  0.19775E+00  0.28181E+00
 0.180000E+03 -0.11531E-08 -0.11457E-06 -0.24410E-06 -0.45866E-06 -0.79303E-07 -0.17541E-06  0.17682E-07 -0.80614E-07 -0.32029E-07 -0.31436E-06
 33.000000 10 10
 0.000000E+00 -0.00000E+00 -0.00000E+00 -0.00000E+00 -0.00000E+00 -0.00000E+00 -0.00000E+00 -0.00000E+00 -0.00000E+00 -0.00000E+00 -0.00000E+00
 0.200000E+02 -0.22064E+00 -0.17689E+00 -0.19838E+00  0.16345E+00 -0.36561E-01 -0.12362E+00  0.43418E+00 -0.22520E+00  0.20352E+00  0.18722E+00
 0.400000E+02 -0.28675E-02 -0.13709E+00 -0.12569E+00 -0.30250E+00 -0.15269E+00 -0.65151E-01  0.45116E-01 -0.29428E-01 -0.18445E-01  0.29097E-01
 0.600000E+02  0.31925E+00 -0.24050E-01 -0.67598E-01 -0.26518E+00  0.31523E-01  0.63727E-01  0.62413E-01 -0.95309E-01  0.14504E+00  0.90835E-01
 0.800000E+02  0.19897E+00  0.23324E+00 -0.27896E-01  0.13073E+00  0.13477E+00  0.37074E+00 -0.76069E-01  0.19404E+00  0.10930E+00  0.13814E+00
 0.100000E+03  0.71092E+00  0.22645E+00  0.25819E+00  0.32373E+00  0.15572E+00  0.74716E-01 -0.15298E-01  0.16472E+00  0.42438E+00  0.31732E+00
 0.120000E+03  0.76713E+00  0.60701E+00  0.29887E+00  0.32760E+00  0.38917E+00  0.69117E+00  0.31978E+00  0.39980E+00  0.49225E+00  0.44632E+00
 0.140000E+03  0.98751E+00  0.48913E+00  0.30032E+00  0.91091E+00  0.50451E+00  0.65014E+00  0.15270E+00  0.11858E+00  0.70771E+00  0.62007E+00
 0.160000E+03  0.22228E+00  0.29053E+00  0.30270E+00  0.37762E+00  0.35920E+00  0.39918E+00  0.76595E-01  0.31368E+00  0.71949E-01  0.16090E+00
 0.180000E+03  0.10088E-07 -0.59050E-07  0.19637E-08 -0.38556E-08 -0.13509E-06 -0.24355E-06 -0.28341E-07 -0.16251E-06  0.23788E-06 -0.14394E-06
 36.000000 10 10
 0.000000E+00 -0.00000E+00 -0.00000E+00 -0.00000E+00 -0.00000E+00 -0.00000E+00 -0.00000E+00 -0.00000E+00 -0.00000E+00 -0.00000E+00 -0.00000E+00
 0.200000E+02 -0.21546E+00 -0.14855E+00 -0.19337E+00  0.10778E+00 -0.10732E-01 -0.98098E-01  0.40800E+00 -0.21879E+00  0.19508E+00  0.19004E+00
 0.400000E+02  0.22360E-01 -0.90167E-01 -0.10415E+00 -0.13249E+00 -0.77096E-01 -0.32165E-01  0.75837E-02 -0.61769E-02 -0.38590E-01  0.16515E-01
 0.600000E+02  0.41718E+00 -0.11350E-01  0.11564E-02 -0.27545E+00  0.22653E-01  0.37615E-01  0.65963E-01 -0.35242E-01  0.15777E+00  0.10924E+00
 0.800000E+02  0.30197E+00  0.26585E+00 -0.39333E-02  0.97798E-01  0.14557E+00  0.38782E+00 -0.17105E+00  0.20455E+00  0.19125E+00  0.19310E+00
 0.100000E+03  0.71621E+00  0.43633E+00  0.28885E+00  0.73019E+00  0.33964E+00  0.22893E+00  0.24633E-01  0.25384E+00  0.43569E+00  0.33734E+00
 0.120000E+03  0.89461E+00  0.59408E+00  0.40125E+00  0.20908E+00  0.38552E+00  0.64499E+00  0.32449E+00  0.44134E+00  0.63705E+00  0.56975E+00
 0.140000E+03  0.94213E+00  0.55670E+00  0.42237E+00  0.99103E+00  0.56256E+00  0.75856E+00  0.46432E-01  0.20314E+00  0.77569E+00  0.66534E+00
 0.160000E+03  0.42428E+00  0.33565E+00  0.26506E+00  0.95510E-01  0.51015E+00  0.43797E+00  0.13520E-01  0.55716E+00 -0.34626E-01 -0.29129E-01
 0.180000E+03  0.18678E-08  0.86144E-07  0.49521E-07  0.54344E-06 -0.21283E-06 -0.34513E-06 -0.72623E-07 -0.22543E-06  0.20174E-06  0.91603E-07
 23.000000 10 10
 0.000000E+00 -0.00000E+00 -0.00000E+00 -0.00000E+00 -0.00000E+00 -0.00000E+00 -0.00000E+00 -0.00000E+00 -0.00000E+00 -0.00000E+00 -0.00000E+00
 0.200000E+02 -0.85237E-01 -0.24523E+00 -0.20587E+00 -0.98508E-01 -0.14219E+00 -0.14164E+00  0.43422E+00 -0.24654E+00  0.21836E+00  0.15699E+00
 0.400000E+02 -0.93151E-01 -0.14426E+00 -0.18420E+00  0.92334E+00 -0.16450E+00 -0.26412E-01  0.20300E+00 -0.11996E+00  0.30826E-01  0.33727E-01
 0.600000E+02 -0.30280E+00 -0.16265E+00 -0.24603E+00 -0.35222E+00 -0.42928E-01 -0.44289E-01  0.71513E-02 -0.24682E+00  0.12251E+00  0.51766E-01
 0.800000E+02  0.96452E-01  0.19710E-01 -0.91984E-01  0.15966E+00 -0.63277E-01  0.19181E+00  0.64717E-01  0.97956E-01  0.26142E-01  0.74892E-01
 0.100000E+03  0.23921E+00  0.10300E-01 -0.16418E+00 -0.27675E+00  0.41782E-01  0.90441E-01  0.13652E+00 -0.23322E-01  0.21695E+00  0.11962E+00
 0.120000E+03  0.29286E+00  0.10439E+00  0.11298E+00 -0.57799E-03 -0.12929E+00 -0.53801E-01 -0.28873E-01  0.10228E+00  0.27687E+00  0.25826E+00
 0.140000E+03  0.87421E+00  0.55080E+00 -0.14832E+00  0.53878E+00  0.43156E+00  0.70064E+00  0.42344E+00 -0.16473E+00  0.36187E+00  0.31291E+00
 0.160000E+03  0.61645E+00 -0.23908E+00 -0.28547E+00  0.44240E+00 -0.32245E+00 -0.19724E+00 -0.30407E+00 -0.11292E+00  0.52262E-01 -0.15104E+00
 0.180000E+03 -0.21837E-06 -0.24479E-06 -0.30082E-07 -0.33827E-06 -0.18452E-07 -0.28629E-06  0.78336E-07 -0.27212E-06 -0.90487E-07 -0.26988E-08
 26.000000 10 10
 0.000000E+00 -0.00000E+00 -0.00000E+00 -0.00000E+00 -0.00000E+00 -0.00000E+00 -0.00000E+00 -0.00000E+00 -0.00000E+00 -0.00000E+00 -0.00000E+00
 0.200000E+02 -0.15530E+00 -0.21859E+00 -0.18810E+00 -0.25731E-01 -0.11012E+00 -0.13124E+00  0.47373E+00 -0.25982E+00  0.21192E+00  0.17344E+00
 0.400000E+02 -0.67492E-01 -0.16752E+00 -0.17318E+00 -0.13427E+00 -0.18798E+00 -0.66832E-01  0.12959E+00 -0.77249E-01  0.20179E-01  0.39180E-01
 0.600000E+02 -0.85131E-01 -0.94063E-01 -0.20866E+00 -0.27160E+00 -0.51348E-02  0.64470E-01  0.82297E-01 -0.20565E+00  0.11867E+00  0.56004E-01
 0.800000E+02  0.11586E+00  0.10719E+00 -0.67958E-01  0.20656E+00  0.60571E-01  0.21870E+00  0.56472E-01  0.16203E+00  0.36511E-01  0.75063E-01
 0.100000E+03  0.52443E+00 -0.62294E-03 -0.35741E-01 -0.34256E+00 -0.12785E-01  0.11780E-01  0.71862E-01  0.33450E-02  0.32734E+00  0.20729E+00
 0.120000E+03  0.37067E+00  0.40698E+00  0.13645E+00  0.27379E+00  0.15146E+00  0.45683E+00  0.91054E-01  0.22187E+00  0.27151E+00  0.24494E+00
 0.140000E+03  0.96237E+00  0.54165E+00 -0.45081E-01  0.60212E+00  0.40029E+00  0.65743E+00  0.38383E+00 -0.54473E-01  0.52433E+00  0.43780E+00
 0.160000E+03  0.52327E+00 -0.70774E-01 -0.45791E-01  0.56751E+00 -0.15963E+00 -0.11919E+00 -0.18995E+00 -0.29586E+00  0.18935E+00  0.10830E+00
 0.180000E+03 -0.12899E-06 -0.13782E-06 -0.72181E-07 -0.34439E-06 -0.35249E-07 -0.19025E-06  0.63178E-07  0.17684E-07 -0.13242E-06 -0.13282E-06
 12.000000 10 10
 0.000000E+00 -0.00000E+00 -0.00000E+00 -0.00000E+00 -0.00000E+00 -0.00000E+00 -0.00000E+00 -0.00000E+00 -0.00000E+00 -0.00000E+00 -0.00000E+00
 0.200000E+02  0.52600E-01 -0.32969E-01 -0.17616E+00 -0.43403E+00  0.22545E+00  0.43857E+00  0.38526E+00 -0.27368E-01  0.23595E-01  0.12346E-01
 0.400000E+02  0.24723E+00 -0.12897E+00 -0.12668E+00  0.25401E+00 -0.79163E-01  0.82589E-01  0.10190E+00  0.19606E+00  0.41620E-01  0.48700E-01
 0.600000E+02 -0.77757E+00 -0.21785E+00 -0.15861E+00 -0.87475E-01 -0.29486E+00 -0.29227E+00  0.23940E+00 -0.20018E+00  0.15525E+00 -0.19405E-01
 0.800000E+02  0.32505E+00 -0.13002E+00 -0.35035E+00  0.15563E+00  0.13679E+00  0.20018E+00  0.32032E+00 -0.40841E+00  0.16282E+00  0.46187E-01
 0.100000E+03 -0.23072E+00 -0.18357E+00  0.54469E-01  0.24840E+00 -0.49350E+00 -0.59779E-01 -0.24124E+00  0.24292E+00  0.18644E+00  0.29397E+00
 0.120000E+03 -0.34832E+00 -0.75570E-01 -0.29975E+00  0.37885E+00  0.17677E+00 -0.54784E-01  0.36633E+00 -0.19621E+00  0.34257E+00  0.21536E+00
 0.140000E+03 -0.90260E-01  0.48904E-01 -0.39994E+00 -0.82421E+00 -0.90795E-01 -0.88404E-01 -0.99285E-01 -0.54514E+00  0.10997E+00 -0.14034E-01
 0.160000E+03  0.47267E+00 -0.40497E-01 -0.36621E+00  0.94043E+00 -0.62221E+00 -0.35820E-02 -0.39898E+00 -0.17321E+00 -0.10938E+00 -0.23505E+00
 0.180000E+03 -0.28367E-06 -0.20946E-06  0.39158E-07 -0.24394E-06  0.17141E-06 -0.11614E-06  0.97474E-07 -0.68806E-07  0.34475E-07  0.80868E-07
 14.000000 10 10
 0.000000E+00 -0.00000E+00 -0.00000E+00 -0.00000E+00 -0.00000E+00 -0.00000E+00 -0.00000E+00 -0.00000E+00 -0.00000E+00 -0.00000E+00 -0.00000E+00
 0.200000E+02  0.37325E-01 -0.23984E-01 -0.12724E+00 -0.41960E+00  0.68633E-01  0.19868E+00  0.48885E+00 -0.35979E+00  0.53983E-01 -0.24320E+00
 0.400000E+02  0.24247E+00 -0.12439E+00 -0.19730E+00  0.15092E+00 -0.88676E-01  0.10320E+00  0.26215E+00 -0.93204E-01  0.30155E-01 -0.11128E+00
 0.600000E+02 -0.68427E+00 -0.14153E+00 -0.12299E+00  0.47345E+00 -0.34443E+00 -0.15866E+00  0.14670E+00 -0.15348E-01  0.14192E+00  0.20561E-01
 0.800000E+02  0.34683E-01 -0.21499E+00 -0.35154E+00 -0.92618E-01 -0.12343E-01 -0.72256E-01  0.42734E+00 -0.58544E+00  0.14475E+00  0.27336E-01
 0.100000E+03 -0.19803E+00 -0.46978E-01 -0.85546E-02  0.37749E+00 -0.25573E+00  0.11086E+00 -0.28336E+00  0.35874E+00  0.32338E-01  0.13397E+00
 0.120000E+03 -0.70623E-01 -0.30312E+00 -0.23204E+00 -0.77860E-01 -0.71962E-01 -0.33738E+00  0.18408E+00 -0.85254E-01  0.35347E+00  0.24490E+00
 0.140000E+03  0.18060E-01  0.21328E+00 -0.37905E+00 -0.65069E+00  0.88609E-01  0.16712E+00 -0.49690E-01 -0.55115E+00  0.11789E+00  0.55506E-01
 0.160000E+03  0.24968E+00 -0.58598E-01 -0.42029E+00  0.79801E+00 -0.60873E+00  0.11226E+00 -0.39880E+00 -0.13596E+00 -0.14527E+00 -0.19253E+00
 0.180000E+03 -0.42741E-06 -0.24712E-06  0.36934E-07 -0.29480E-06  0.15682E-06 -0.16145E-06  0.81715E-07 -0.86615E-07  0.10933E-07  0.68785E-07
 18.000000 10 10
 0.000000E+00 -0.00000E+00 -0.00000E+00 -0.00000E+00 -0.00000E+00 -0.00000E+00 -0.00000E+00 -0.00000E+00 -0.00000E+00 -0.00000E+00 -0.00000E+00
 0.200000E+02  0.11889E-01 -0.18677E+00 -0.15581E+00  0.11717E+00 -0.16130E+00 -0.25141E+00  0.39918E+00 -0.13715E+00  0.15820E+00  0.11694E+00
 0.400000E+02 -0.91675E-01 -0.10574E+00 -0.24671E+00  0.20617E+00 -0.16044E+00  0.12028E+00  0.26888E+00 -0.26720E+00  0.40924E-01 -0.12425E-01
 0.600000E+02 -0.57975E+00 -0.20750E+00 -0.21617E+00  0.13871E+00 -0.32449E-02 -0.25309E+00 -0.21220E+00 -0.11890E+00  0.11402E+00  0.26743E-01
 0.800000E+02  0.10252E-01 -0.20482E+00 -0.21674E+00 -0.43057E+00 -0.23666E+00 -0.89520E-02  0.14649E+00 -0.31145E+00  0.90318E-01  0.97431E-01
 0.100000E+03 -0.16798E+00  0.75494E-01 -0.20074E+00  0.96823E-01  0.20402E+00  0.26942E+00 -0.42291E-01  0.38571E-01  0.54880E-01  0.20931E-01
 0.120000E+03  0.21916E+00 -0.37475E+00 -0.41023E-01 -0.55187E+00 -0.35602E+00 -0.50400E+00 -0.43017E-01 -0.67523E-01  0.35565E+00  0.31215E+00
 0.140000E+03  0.27796E+00  0.44121E+00 -0.30732E+00  0.67471E-01  0.39634E+00  0.67700E+00  0.25285E+00 -0.44236E+00  0.17114E+00  0.13807E+00
 0.160000E+03  0.34127E+00 -0.21687E+00 -0.56158E+00  0.51782E+00 -0.47923E+00  0.44704E-01 -0.41549E+00  0.45897E-01 -0.22828E+00 -0.28661E+00
 0.180000E+03 -0.30252E-06 -0.40652E-06  0.53104E-07 -0.33977E-06  0.42910E-07 -0.17117E-06  0.51341E-07 -0.13566E-06 -0.34930E-07  0.13621E-06
 10.000000 10 10
 0.000000E+00 -0.00000E+00 -0.00000E+00 -0.00000E+00 -0.00000E+00 -0.00000E+00 -0.00000E+00 -0.00000E+00 -0.00000E+00 -0.00000E+00 -0.00000E+00
 0.200000E+02  0.60062E-01  0.72848E-01 -0.10590E+00  0.76282E-01 -0.21958E-01  0.36469E+00  0.15694E+00  0.29954E+00  0.75759E-01  0.41597E+00
 0.400000E+02  0.14713E+00 -0.79884E-01 -0.11910E+00  0.26838E+00 -0.17720E+00  0.15872E+00 -0.10806E-01  0.90132E-01  0.11416E+00  0.33341E+00
 0.600000E+02 -0.98723E+00 -0.17651E+00 -0.24517E+00 -0.12691E+00  0.47563E-01 -0.10980E+00  0.19911E+00 -0.29460E+00  0.12594E+00  0.61568E-01
 0.800000E+02  0.88726E+00 -0.81975E-01 -0.20042E+00  0.13811E+00  0.46735E-01  0.23496E+00 -0.78290E-01 -0.35061E-01  0.17348E+00  0.11150E+00
 0.100000E+03 -0.25381E+00 -0.26208E+00 -0.19684E-01  0.34145E+00 -0.46123E+00 -0.20822E+00 -0.21109E+00  0.87351E-01  0.39644E+00  0.27879E+00
 0.120000E+03 -0.43587E+00  0.14010E+00 -0.34381E+00  0.25165E+00  0.33269E+00  0.20847E-01  0.47786E+00 -0.35145E+00  0.33238E+00  0.17151E+00
 0.140000E+03 -0.25122E+00 -0.13395E+00 -0.39372E+00 -0.86037E+00 -0.22868E+00 -0.25350E+00 -0.76351E-01 -0.48947E+00  0.90649E-01  0.26467E-02
 0.160000E+03  0.70044E+00 -0.77714E-01 -0.36523E+00  0.99315E+00 -0.50794E+00 -0.42318E-01 -0.43065E+00 -0.11428E+00 -0.96188E-01 -0.12196E+00
 0.180000E+03 -0.18283E-06 -0.16692E-06  0.63368E-07 -0.18097E-06  0.47850E-07 -0.84462E-07  0.12832E-06 -0.72660E-07  0.40272E-07  0.36068E-07
 16.000000 10 10
 0.000000E+00 -0.00000E+00 -0.00000E+00 -0.00000E+00 -0.00000E+00 -0.00000E+00 -0.00000E+00 -0.00000E+00 -0.00000E+00 -0.00000E+00 -0.00000E+00
 0.200000E+02  0.26447E-01 -0.75877E-01 -0.10511E+00 -0.74470E-01 -0.10793E+00 -0.11190E+00  0.46302E+00 -0.27841E+00  0.89263E-01 -0.23040E-01
 0.400000E+02  0.37803E-01 -0.10996E+00 -0.24516E+00  0.11598E+00 -0.14132E+00  0.13018E+00  0.29038E+00 -0.25014E+00  0.39242E-01 -0.66808E-01
 0.600000E+02 -0.63931E+00 -0.14907E+00 -0.16076E+00  0.68404E+00 -0.13178E+00 -0.15801E+00 -0.91946E-01 -0.11980E-02  0.11451E+00  0.49823E-01
 0.800000E+02 -0.16608E-01 -0.24673E+00 -0.28689E+00 -0.40806E+00 -0.17427E+00 -0.11087E+00  0.28704E+00 -0.49769E+00  0.12814E+00  0.49959E-01
 0.100000E+03 -0.19389E+00  0.48913E-01 -0.13062E+00  0.29224E+00  0.73401E-01  0.24212E+00 -0.20673E+00  0.21045E+00  0.21063E-01  0.18873E-01
 0.120000E+03  0.13476E+00 -0.40824E+00 -0.13858E+00 -0.45725E+00 -0.26741E+00 -0.53994E+00  0.42568E-01 -0.79084E-01  0.36829E+00  0.28566E+00
 0.140000E+03  0.12528E+00  0.34381E+00 -0.35445E+00 -0.30188E+00  0.26692E+00  0.44456E+00  0.10012E+00 -0.50694E+00  0.13793E+00  0.91653E-01
 0.160000E+03  0.20704E+00 -0.13272E+00 -0.52150E+00  0.64489E+00 -0.53665E+00  0.11680E+00 -0.40989E+00 -0.26667E-01 -0.21583E+00 -0.21338E+00
 0.180000E+03 -0.39536E-06 -0.29852E-06  0.63179E-07 -0.31901E-06  0.84817E-07 -0.16092E-06  0.56219E-07 -0.11839E-06 -0.68973E-08  0.75678E-07
  7.000000 10 10
 0.000000E+00 -0.00000E+00 -0.00000E+00 -0.00000E+00 -0.00000E+00 -0.00000E+00 -0.00000E+00 -0.00000E+00 -0.00000E+00 -0.00000E+00 -0.00000E+00
 0.200000E+02  0.21052E-01  0.12727E+00 -0.15300E+00 -0.74911E-01 -0.37691E-01  0.14899E+00  0.38484E-01 -0.24622E+00  0.42294E-01 -0.96026E-01
 0.400000E+02  0.23666E-01  0.14201E+00 -0.27763E+00 -0.49599E+00  0.76816E-01  0.27100E+00  0.65117E-01 -0.35811E+00  0.76846E-01 -0.12534E+00
 0.600000E+02 -0.42012E-01  0.17071E+00 -0.19506E+00 -0.29875E+00  0.16592E+00  0.39745E+00  0.27114E+00 -0.12300E+00  0.12262E+00 -0.64779E-01
 0.800000E+02  0.68956E+00 -0.20274E+00 -0.29304E-01  0.31313E+00 -0.34642E+00 -0.13606E+00  0.25259E+00  0.54399E-01  0.17983E+00  0.31284E-01
 0.100000E+03  0.29119E+00 -0.48507E-01 -0.13247E+00  0.62545E+00 -0.17066E+00 -0.25750E+00  0.14818E+00 -0.55938E-01  0.17294E+00  0.90456E-01
 0.120000E+03 -0.10371E+00  0.17810E+00 -0.39151E+00 -0.24730E+00  0.11907E+00  0.19049E-01  0.54138E-01 -0.27879E+00  0.10917E+00  0.10407E+00
 0.140000E+03 -0.55862E+00 -0.29272E+00 -0.51531E+00 -0.54384E+00 -0.33329E+00 -0.90411E-01 -0.15160E+00 -0.40217E+00  0.91181E-01  0.90616E-01
 0.160000E+03  0.90407E+00 -0.97241E-01 -0.57627E+00  0.85294E+00 -0.40276E+00  0.12207E+00 -0.30197E+00 -0.52897E+00  0.89485E-01  0.54426E-01
 0.180000E+03 -0.14474E-06 -0.75321E-07  0.16112E-06 -0.12771E-06  0.43032E-07 -0.46577E-07  0.18694E-06  0.27664E-06 -0.16112E-07 -0.77445E-08
  8.000000 10 10
 0.000000E+00 -0.00000E+00 -0.00000E+00 -0.00000E+00 -0.00000E+00 -0.00000E+00 -0.00000E+00 -0.00000E+00 -0.00000E+00 -0.00000E+00 -0.00000E+00
 0.200000E+02  0.39408E-01  0.13349E+00 -0.91613E-01  0.43672E+00 -0.18780E+00  0.19768E+00  0.11262E+00 -0.11090E+00  0.10883E+00  0.75865E-01
 0.400000E+02  0.56737E-01  0.59307E-01 -0.22811E+00 -0.10588E+00 -0.11435E+00  0.30835E+00  0.10171E+00 -0.35333E+00  0.11791E+00  0.25898E-01
 0.600000E+02 -0.38165E+00  0.97007E-01 -0.23681E+00 -0.98448E-01  0.23299E+00  0.43063E+00  0.27537E+00 -0.21166E+00  0.11150E+00  0.93422E-02
 0.800000E+02  0.83065E+00 -0.14495E+00 -0.22822E-01  0.19047E+00 -0.26312E+00 -0.10483E+00  0.15187E-01  0.11865E+00  0.20809E+00  0.10523E+00
 0.100000E+03  0.42535E-01 -0.17110E+00 -0.92782E-01  0.69164E+00 -0.25324E+00 -0.27992E+00 -0.38250E-01 -0.11307E-01  0.31066E+00  0.17498E+00
 0.120000E+03 -0.22671E+00  0.20076E+00 -0.38194E+00 -0.12331E+00  0.25076E+00  0.43898E-01  0.17229E+00 -0.36684E+00  0.20494E+00  0.14533E+00
 0.140000E+03 -0.44944E+00 -0.27161E+00 -0.43388E+00 -0.70322E+00 -0.31260E+00 -0.18818E+00 -0.16759E+00 -0.45277E+00  0.81555E-01  0.10521E+00
 0.160000E+03  0.85385E+00 -0.10791E+00 -0.42719E+00  0.92018E+00 -0.40849E+00  0.11017E+00 -0.46162E+00 -0.34169E+00  0.29532E-01  0.68751E-01
 0.180000E+03 -0.14869E-06 -0.11380E-06  0.11291E-06 -0.14131E-06  0.30302E-07 -0.73073E-07  0.41144E-06  0.62769E-07 -0.47744E-08 -0.10736E-07
 20.000000 10 10
 0.000000E+00 -0.00000E+00 -0.00000E+00 -0.00000E+00 -0.00000E+00 -0.00000E+00 -0.00000E+00 -0.00000E+00 -0.00000E+00 -0.00000E+00 -0.00000E+00
 0.200000E+02 -0.16869E-01 -0.25054E+00 -0.20582E+00  0.51235E-01 -0.15964E+00 -0.23686E+00  0.37519E+00 -0.13927E+00  0.20833E+00  0.12962E+00
 0.400000E+02 -0.11135E+00 -0.11539E+00 -0.21952E+00  0.48361E+00 -0.15768E+00  0.66637E-01  0.25225E+00 -0.21923E+00  0.37197E-01  0.16226E-01
 0.600000E+02 -0.48984E+00 -0.22262E+00 -0.24877E+00 -0.31412E+00 -0.20611E-01 -0.23233E+00 -0.15740E+00 -0.21505E+00  0.12299E+00  0.26339E-01
 0.800000E+02  0.52354E-01 -0.11416E+00 -0.15201E+00 -0.16183E+00 -0.20763E+00  0.11388E+00  0.89852E-01 -0.11449E+00  0.49811E-01  0.10461E+00
 0.100000E+03 -0.65042E-01  0.55873E-01 -0.21403E+00 -0.88916E-01  0.15344E+00  0.21535E+00  0.95587E-01 -0.34263E-01  0.10482E+00  0.55106E-01
 0.120000E+03  0.25126E+00 -0.23204E+00  0.44421E-01 -0.41426E+00 -0.33387E+00 -0.37793E+00 -0.75581E-01 -0.13892E-01  0.32294E+00  0.30088E+00
 0.140000E+03  0.51660E+00  0.50602E+00 -0.24187E+00  0.32623E+00  0.45052E+00  0.73531E+00  0.35920E+00 -0.33845E+00  0.22347E+00  0.20204E+00
 0.160000E+03  0.50604E+00 -0.27067E+00 -0.50608E+00  0.43242E+00 -0.42731E+00 -0.55375E-01 -0.39169E+00  0.48627E-01 -0.14201E+00 -0.31438E+00
 0.180000E+03 -0.25610E-06 -0.49949E-06  0.97372E-08 -0.35137E-06  0.14175E-07 -0.22530E-06  0.63666E-07 -0.16491E-06 -0.60157E-07  0.17306E-06
  2.000000 10  2
 0.000000E+00 -0.00000E+00 -0.00000E+00
 0.200000E+02 -0.48119E-01  0.24562E-01
 0.400000E+02 -0.11274E+00  0.71544E-01
 0.600000E+02 -0.24516E+00  0.10673E+00
 0.800000E+02  0.29360E-01  0.93478E-01
 0.100000E+03  0.10256E+00  0.34767E-01
 0.120000E+03  0.11437E+00 -0.57625E-01
 0.140000E+03  0.31454E+00 -0.16065E+00
 0.160000E+03  0.26054E+00 -0.18385E+00
 0.180000E+03 -0.38121E-07  0.33446E-07
  1.300000 10  1
 0.000000E+00 -0.00000E+00
 0.200000E+02 -0.26584E-01
 0.400000E+02 -0.53654E-01
 0.600000E+02 -0.80323E-01
 0.800000E+02  0.95517E-03
 0.100000E+03  0.59349E+00
 0.120000E+03  0.43968E+00
 0.140000E+03  0.34756E+00
 0.160000E+03  0.19149E+00
 0.180000E+03 -0.26125E-07
  1.000000 10  1
 0.000000E+00 -0.00000E+00
 0.200000E+02 -0.63768E-02
 0.400000E+02 -0.98997E-02
 0.600000E+02 -0.40345E-02
 0.800000E+02  0.72452E-01
 0.100000E+03  0.41777E+00
 0.120000E+03  0.42215E+00
 0.140000E+03  0.29817E+00
 0.160000E+03  0.15380E+00
 0.180000E+03 -0.20638E-07
  1.500000 10  2
 0.000000E+00 -0.00000E+00 -0.00000E+00
 0.200000E+02 -0.36921E-01  0.15062E-01
 0.400000E+02 -0.78570E-01  0.25929E-01
 0.600000E+02 -0.13462E+00  0.30081E-01
 0.800000E+02 -0.11124E+00  0.27385E-01
 0.100000E+03  0.43895E+00  0.19745E-01
 0.120000E+03  0.36352E+00  0.10312E-01
 0.140000E+03  0.35248E+00  0.26330E-02
 0.160000E+03  0.21006E+00 -0.67592E-03
 0.180000E+03 -0.29129E-07  0.20180E-09
  3.000000 10  4
 0.000000E+00 -0.00000E+00 -0.00000E+00 -0.00000E+00 -0.00000E+00
 0.200000E+02 -0.36924E-01 -0.63728E-01 -0.13887E+00 -0.32762E+00
 0.400000E+02 -0.98719E-01 -0.12787E+00 -0.28968E+00  0.36945E+00
 0.600000E+02 -0.30970E+00 -0.10341E+00 -0.44420E+00  0.52500E+00
 0.800000E+02  0.57539E+00  0.68399E-01 -0.55315E+00  0.29227E+00
 0.100000E+03  0.92002E-01  0.11635E+00 -0.51851E+00  0.19668E-01
 0.120000E+03 -0.12178E+00 -0.17223E-01 -0.25400E+00 -0.70763E-01
 0.140000E+03  0.12309E+00 -0.11080E+00  0.15269E+00  0.14625E-02
 0.160000E+03  0.44883E+00 -0.36570E-01  0.34834E+00  0.41896E-01
 0.180000E+03 -0.67969E-07  0.70655E-09 -0.69607E-07 -0.78364E-08
  4.000000 10  8
 0.000000E+00 -0.00000E+00 -0.00000E+00 -0.00000E+00 -0.00000E+00 -0.00000E+00 -0.00000E+00 -0.00000E+00 -0.00000E+00
 0.200000E+02 -0.24232E-01  0.21329E-01 -0.57672E-01 -0.75236E+00  0.76795E-01 -0.15534E+00 -0.35664E+00 -0.18560E+00
 0.400000E+02 -0.63549E-01 -0.41411E-01 -0.11709E+00 -0.63898E+00  0.11688E+00 -0.11270E+00 -0.54991E+00 -0.34492E+00
 0.600000E+02 -0.24959E+00 -0.20286E+00 -0.20585E+00  0.44122E+00  0.14395E+00  0.10123E+00 -0.49035E+00 -0.44684E+00
 0.800000E+02  0.49850E+00 -0.10527E+00 -0.31728E+00  0.80931E+00  0.16935E+00  0.22330E+00 -0.13160E+00 -0.45786E+00
 0.100000E+03  0.19767E+00  0.19386E+00 -0.39241E+00  0.13448E+00  0.11960E+00  0.14966E+00  0.32982E+00 -0.35751E+00
 0.120000E+03 -0.11730E+00  0.57457E-01 -0.39981E+00 -0.53703E+00 -0.51146E-01  0.11548E-01  0.55357E+00 -0.17224E+00
 0.140000E+03 -0.22565E+00 -0.12412E+00 -0.43601E+00 -0.18229E+00 -0.25175E+00 -0.10160E+00  0.47951E+00 -0.90634E-03
 0.160000E+03  0.78499E+00 -0.28176E-01 -0.52788E+00  0.30632E+00 -0.22623E+00 -0.99874E-01  0.25704E+00  0.53550E-01
 0.180000E+03 -0.10968E-06 -0.40425E-08  0.13381E-06 -0.50874E-07  0.33511E-07  0.14887E-07 -0.34502E-07 -0.99776E-08
  6.000000 10  9
 0.000000E+00 -0.00000E+00 -0.00000E+00 -0.00000E+00 -0.00000E+00 -0.00000E+00 -0.00000E+00 -0.00000E+00 -0.00000E+00 -0.00000E+00
 0.200000E+02  0.44402E-02  0.11963E+00 -0.19349E+00 -0.60298E+00  0.18059E+00  0.17247E+00 -0.12405E+00 -0.21598E+00 -0.53003E-02
 0.400000E+02  0.49946E-04  0.16284E+00 -0.27287E+00 -0.74474E+00  0.25798E+00  0.14551E+00 -0.18206E+00 -0.19827E+00  0.29824E-01
 0.600000E+02 -0.42814E-01  0.93204E-01 -0.16389E+00 -0.50086E+00  0.92872E-01  0.11312E+00  0.12608E+00 -0.52659E-01  0.92196E-01
 0.800000E+02  0.60193E+00 -0.23803E+00 -0.81046E-01  0.46261E+00 -0.29785E+00 -0.16296E+00  0.45743E+00 -0.10046E-02  0.10281E+00
 0.100000E+03  0.40040E+00  0.81243E-01 -0.18775E+00  0.43364E+00 -0.10459E+00 -0.22059E+00  0.41649E+00 -0.65699E-01  0.68810E-01
 0.120000E+03 -0.53777E-01  0.11502E+00 -0.38695E+00 -0.40731E+00  0.11524E-01 -0.41878E-01  0.45579E-01 -0.16912E+00  0.93494E-01
 0.140000E+03 -0.68634E+00 -0.26922E+00 -0.55051E+00 -0.41258E+00 -0.34284E+00  0.44968E-01 -0.11587E+00 -0.27425E+00  0.16285E+00
 0.160000E+03  0.92023E+00 -0.62728E-01 -0.68021E+00  0.79295E+00 -0.42393E+00  0.11415E+00 -0.10501E+00 -0.41310E+00  0.14353E+00
 0.180000E+03 -0.14015E-06 -0.39752E-07  0.18745E-06 -0.12069E-06  0.59660E-07 -0.21531E-07  0.19014E-07  0.15074E-06 -0.22768E-07
  5.000000 10  9
 0.000000E+00 -0.00000E+00 -0.00000E+00 -0.00000E+00 -0.00000E+00 -0.00000E+00 -0.00000E+00 -0.00000E+00 -0.00000E+00 -0.00000E+00
 0.200000E+02 -0.10700E-01  0.10743E+00 -0.16343E+00 -0.70745E+00  0.20365E+00 -0.72461E-01 -0.34818E+00 -0.21315E+00  0.24648E-01
 0.400000E+02 -0.28426E-01  0.11217E+00 -0.18520E+00 -0.83080E+00  0.23260E+00 -0.15625E+00 -0.41098E+00 -0.25247E+00  0.40087E-01
 0.600000E+02 -0.14754E+00 -0.63950E-01 -0.13651E+00 -0.39567E+00  0.52092E-01 -0.20967E+00 -0.85393E-01 -0.22884E+00  0.37695E-01
 0.800000E+02  0.53919E+00 -0.22644E+00 -0.16980E+00  0.66554E+00 -0.92469E-01 -0.95718E-01  0.41706E+00 -0.18143E+00  0.17814E-01
 0.100000E+03  0.33271E+00  0.16255E+00 -0.28362E+00  0.27951E+00  0.54094E-02  0.57535E-01  0.43554E+00 -0.96968E-01 -0.78616E-02
 0.120000E+03 -0.78005E-01  0.80032E-01 -0.39205E+00 -0.52053E+00 -0.42482E-01  0.68997E-01  0.17692E+00  0.23122E-01 -0.24950E-01
 0.140000E+03 -0.65750E+00 -0.19003E+00 -0.52112E+00 -0.27603E+00 -0.31214E+00  0.95020E-02  0.25849E-01  0.11680E+00 -0.26448E-01
 0.160000E+03  0.90923E+00 -0.24776E-01 -0.68233E+00  0.61755E+00 -0.32677E+00  0.21509E-01  0.21416E-01  0.12053E+00 -0.15657E-01
 0.180000E+03 -0.13194E-06 -0.15782E-07  0.18344E-06 -0.90995E-07  0.47655E-07 -0.52388E-08 -0.76357E-08 -0.22241E-07  0.21604E-08
  0.200000 10  1
 0.000000E+00 -0.00000E+00
 0.200000E+02  0.92306E-02
 0.400000E+02  0.17545E-01
 0.600000E+02  0.24236E-01
 0.800000E+02  0.28869E-01
 0.100000E+03  0.31021E-01
 0.120000E+03  0.29814E-01
 0.140000E+03  0.24082E-01
 0.160000E+03  0.13588E-01
 0.180000E+03 -0.18823E-08
  0.100000 10  1
 0.000000E+00 -0.00000E+00
 0.200000E+02  0.43489E-02
 0.400000E+02  0.82155E-02
 0.600000E+02  0.11184E-01
 0.800000E+02  0.12938E-01
 0.100000E+03  0.13257E-01
 0.120000E+03  0.12002E-01
 0.140000E+03  0.91643E-02
 0.160000E+03  0.49784E-02
 0.180000E+03 -0.68069E-09
  0.400000 10  1
 0.000000E+00 -0.00000E+00
 0.200000E+02  0.15799E-01
 0.400000E+02  0.30606E-01
 0.600000E+02  0.44140E-01
 0.800000E+02  0.58034E-01
 0.100000E+03  0.74124E-01
 0.120000E+03  0.84857E-01
 0.140000E+03  0.75136E-01
 0.160000E+03  0.43341E-01
 0.180000E+03 -0.60084E-08
  0.070000 10  1
 0.000000E+00 -0.00000E+00
 0.200000E+02  0.28661E-02
 0.400000E+02  0.54034E-02
 0.600000E+02  0.73244E-02
 0.800000E+02  0.84111E-02
 0.100000E+03  0.85257E-02
 0.120000E+03  0.76172E-02
 0.140000E+03  0.57409E-02
 0.160000E+03  0.30891E-02
 0.180000E+03 -0.42090E-09
  0.700000 10  1
 0.000000E+00 -0.00000E+00
 0.200000E+02  0.11624E-01
 0.400000E+02  0.24708E-01
 0.600000E+02  0.42523E-01
 0.800000E+02  0.83336E-01
 0.100000E+03  0.18500E+00
 0.120000E+03  0.24576E+00
 0.140000E+03  0.19513E+00
 0.160000E+03  0.10270E+00
 0.180000E+03 -0.13820E-07
  0.040000 10  1
 0.000000E+00 -0.00000E+00
 0.200000E+02  0.14679E-02
 0.400000E+02  0.27615E-02
 0.600000E+02  0.37280E-02
 0.800000E+02  0.42533E-02
 0.100000E+03  0.42727E-02
 0.120000E+03  0.37775E-02
 0.140000E+03  0.28182E-02
 0.160000E+03  0.15052E-02
 0.180000E+03 -0.20453E-09
  0.020000 10  1
 0.000000E+00 -0.00000E+00
 0.200000E+02  0.63987E-03
 0.400000E+02  0.12024E-02
 0.600000E+02  0.16197E-02
 0.800000E+02  0.18419E-02
 0.100000E+03  0.18424E-02
 0.120000E+03  0.16210E-02
 0.140000E+03  0.12039E-02
 0.160000E+03  0.64093E-03
 0.180000E+03 -0.86987E-10
  0.010000 10  1
 0.000000E+00 -0.00000E+00
 0.200000E+02  0.28336E-03
 0.400000E+02  0.53228E-03
 0.600000E+02  0.71663E-03
 0.800000E+02  0.81426E-03
 0.100000E+03  0.81361E-03
 0.120000E+03  0.71498E-03
 0.140000E+03  0.53041E-03
 0.160000E+03  0.28214E-03
 0.180000E+03 -0.38280E-10
  0.001000 10  1
 0.000000E+00 -0.00000E+00
 0.200000E+02  0.22085E-04
 0.400000E+02  0.41500E-04
 0.600000E+02  0.55900E-04
 0.800000E+02  0.63549E-04
 0.100000E+03  0.63529E-04
 0.120000E+03  0.55851E-04
 0.140000E+03  0.41444E-04
 0.160000E+03  0.22049E-04
 0.180000E+03 -0.29917E-11
  0.005000 10  1
 0.000000E+00 -0.00000E+00
 0.200000E+02  0.12831E-03
 0.400000E+02  0.24105E-03
 0.600000E+02  0.32455E-03
 0.800000E+02  0.36878E-03
 0.100000E+03  0.36848E-03
 0.120000E+03  0.32379E-03
 0.140000E+03  0.24018E-03
 0.160000E+03  0.12775E-03
 0.180000E+03 -0.17332E-10
