100.000000 10 10
 0.000000E+00  0.12091E+02  0.10646E-01  0.14528E-03  0.10763E-02  0.19486E-02  0.33450E-03  0.20887E-08  0.37487E-05  0.11009E-03  0.11356E-03
 0.200000E+02  0.75160E-01  0.55398E-02  0.57685E-03  0.18994E-03  0.11500E-02  0.15392E-03  0.96566E-06  0.18048E-04  0.15735E-02  0.14264E-02
 0.400000E+02  0.30354E-02  0.30535E-03  0.30485E-04  0.20354E-04  0.56352E-04  0.89194E-05  0.26929E-06  0.13964E-05  0.50561E-04  0.73553E-04
 0.600000E+02  0.28273E-03  0.34340E-04  0.22378E-05  0.51508E-05  0.91285E-05  0.42023E-06  0.96226E-07  0.62181E-07  0.16733E-05  0.54387E-05
 0.800000E+02  0.35542E-04  0.98311E-05  0.97351E-06  0.21348E-05  0.33043E-05  0.39745E-07  0.52367E-07  0.13596E-07  0.12694E-06  0.10119E-05
 0.100000E+03  0.52550E-05  0.19502E-05  0.47182E-06  0.12630E-05  0.13472E-05  0.20796E-07  0.25365E-07  0.48684E-08  0.51780E-07  0.34778E-06
 0.120000E+03  0.67745E-06  0.27661E-06  0.33752E-06  0.74473E-06  0.68858E-06  0.23097E-07  0.97631E-08  0.16400E-08  0.85830E-07  0.49848E-07
 0.140000E+03  0.37204E-07  0.65324E-07  0.10337E-06  0.14107E-06  0.12855E-06  0.35639E-07  0.36882E-08  0.11213E-07  0.12127E-07  0.14127E-06
 0.160000E+03  0.70080E-07  0.80427E-07  0.45339E-07  0.79874E-07  0.10898E-06  0.46899E-08  0.10076E-08  0.71808E-09  0.67908E-07  0.48750E-07
 0.180000E+03  0.10233E-06  0.20902E-07  0.30073E-07  0.14226E-06  0.65573E-07  0.23077E-09  0.20856E-11  0.10022E-08  0.45642E-07  0.65755E-07
 95.000000 10 10
 0.000000E+00  0.12201E+02  0.11919E-01  0.16731E-03  0.10911E-02  0.21739E-02  0.37508E-03  0.28488E-08  0.43493E-05  0.12861E-03  0.13151E-03
 0.200000E+02  0.96404E-01  0.61076E-02  0.57367E-03  0.21963E-03  0.13272E-02  0.17305E-03  0.12043E-05  0.17896E-04  0.16392E-02  0.14844E-02
 0.400000E+02  0.39021E-02  0.41082E-03  0.36359E-04  0.29821E-04  0.87929E-04  0.12588E-04  0.29822E-06  0.19822E-05  0.66823E-04  0.91801E-04
 0.600000E+02  0.36946E-03  0.40801E-04  0.30232E-05  0.85254E-05  0.13948E-04  0.67124E-06  0.13096E-06  0.95270E-07  0.21178E-05  0.61086E-05
 0.800000E+02  0.47198E-04  0.93890E-05  0.18827E-05  0.39026E-05  0.50506E-05  0.64735E-07  0.65620E-07  0.20021E-07  0.31525E-06  0.82849E-06
 0.100000E+03  0.69469E-05  0.16635E-05  0.10217E-05  0.21190E-05  0.20899E-05  0.25304E-07  0.31464E-07  0.25927E-08  0.64061E-07  0.20372E-06
 0.120000E+03  0.10360E-05  0.22147E-06  0.48569E-06  0.87981E-06  0.75661E-06  0.33474E-07  0.13047E-07  0.54043E-08  0.41904E-07  0.90381E-07
 0.140000E+03  0.13393E-06  0.17965E-06  0.62036E-07  0.93983E-07  0.68504E-07  0.43400E-07  0.54543E-08  0.12841E-07  0.52875E-07  0.27638E-06
 0.160000E+03  0.66758E-07  0.11946E-06  0.95945E-07  0.12246E-06  0.18733E-06  0.11956E-07  0.15366E-08  0.31424E-08  0.49675E-07  0.28775E-07
 0.180000E+03  0.18610E-06  0.20158E-07  0.36332E-07  0.16660E-06  0.10583E-06  0.16826E-08  0.76943E-11  0.79329E-09  0.47623E-07  0.54001E-07
115.000000 10 10
 0.000000E+00  0.11553E+02  0.75848E-02  0.95703E-04  0.10217E-02  0.13987E-02  0.23724E-03  0.87676E-09  0.24331E-05  0.71720E-04  0.75248E-04
 0.200000E+02  0.38301E-01  0.39094E-02  0.56900E-03  0.11249E-03  0.69917E-03  0.10242E-03  0.48652E-06  0.17972E-04  0.13347E-02  0.12028E-02
 0.400000E+02  0.19763E-02  0.13149E-03  0.19224E-04  0.47964E-05  0.12658E-04  0.29565E-05  0.17746E-06  0.47864E-06  0.21513E-04  0.35194E-04
 0.600000E+02  0.16629E-03  0.21984E-04  0.15120E-05  0.85365E-06  0.18280E-05  0.96113E-07  0.41171E-07  0.15471E-07  0.14699E-05  0.44006E-05
 0.800000E+02  0.17891E-04  0.47250E-05  0.48860E-06  0.43986E-06  0.33568E-06  0.10287E-07  0.23461E-07  0.90907E-08  0.25509E-06  0.14839E-05
 0.100000E+03  0.21867E-05  0.80356E-06  0.12498E-06  0.14396E-06  0.10090E-06  0.38044E-07  0.10801E-07  0.14497E-07  0.27231E-07  0.48390E-06
 0.120000E+03  0.28222E-06  0.26326E-06  0.18831E-07  0.70120E-07  0.65181E-07  0.21249E-07  0.38583E-08  0.73489E-08  0.60127E-07  0.21269E-06
 0.140000E+03  0.23707E-06  0.65352E-07  0.46159E-07  0.95979E-07  0.10867E-06  0.49721E-08  0.12323E-08  0.74585E-09  0.63508E-07  0.32660E-07
 0.160000E+03  0.35973E-07  0.18857E-07  0.13709E-07  0.31175E-07  0.27354E-07  0.63333E-08  0.30666E-09  0.25772E-08  0.12893E-07  0.38730E-07
 0.180000E+03  0.13234E-06  0.45037E-07  0.77386E-08  0.35348E-08  0.28483E-07  0.57164E-08  0.67244E-12  0.19820E-08  0.75356E-08  0.14708E-07
130.000000 10 10
 0.000000E+00  0.10858E+02  0.54671E-02  0.63527E-04  0.95652E-03  0.10119E-02  0.17019E-03  0.40729E-09  0.15963E-05  0.50082E-04  0.52774E-04
 0.200000E+02  0.25131E-01  0.25704E-02  0.53308E-03  0.58561E-04  0.38766E-03  0.63392E-04  0.24157E-06  0.17005E-04  0.10707E-02  0.94934E-03
 0.400000E+02  0.16112E-02  0.71135E-04  0.12391E-04  0.15871E-05  0.31920E-05  0.10679E-05  0.10688E-06  0.19275E-06  0.97458E-05  0.16462E-04
 0.600000E+02  0.11283E-03  0.10498E-04  0.21812E-05  0.30888E-05  0.14596E-05  0.17922E-07  0.24530E-07  0.13126E-07  0.12632E-05  0.28691E-05
 0.800000E+02  0.80527E-05  0.56155E-06  0.11067E-05  0.17657E-05  0.13893E-05  0.20994E-07  0.12093E-07  0.67005E-08  0.12384E-06  0.37722E-06
 0.100000E+03  0.83424E-06  0.80084E-07  0.26023E-06  0.53780E-06  0.46045E-06  0.20049E-07  0.44421E-08  0.44340E-08  0.55612E-07  0.31448E-07
 0.120000E+03  0.86800E-08  0.17006E-07  0.70957E-07  0.11291E-06  0.10882E-06  0.19073E-07  0.14370E-08  0.59392E-08  0.76080E-08  0.37311E-07
 0.140000E+03  0.12735E-06  0.44349E-08  0.77967E-08  0.13788E-07  0.93106E-08  0.82000E-08  0.45257E-09  0.25402E-08  0.20232E-07  0.44926E-07
 0.160000E+03  0.21976E-06  0.86202E-08  0.45534E-08  0.98317E-08  0.14626E-07  0.21631E-08  0.94943E-10  0.84839E-09  0.12928E-07  0.55821E-08
 0.180000E+03  0.98442E-06  0.70165E-08  0.45371E-08  0.21625E-07  0.12066E-07  0.12166E-08  0.38193E-12  0.73436E-09  0.15770E-07  0.75480E-08
150.000000 10 10
 0.000000E+00  0.99054E+01  0.36165E-02  0.40033E-04  0.86129E-03  0.66862E-03  0.11176E-03  0.17770E-09  0.10041E-05  0.32322E-04  0.33997E-04
 0.200000E+02  0.21012E-01  0.13437E-02  0.45485E-03  0.19395E-04  0.15537E-03  0.30414E-04  0.99493E-07  0.14731E-04  0.74893E-03  0.64147E-03
 0.400000E+02  0.12133E-02  0.44255E-04  0.72907E-05  0.56949E-05  0.27218E-05  0.48265E-06  0.52651E-07  0.90768E-07  0.51503E-05  0.71238E-05
 0.600000E+02  0.56785E-04  0.21608E-05  0.20692E-05  0.50717E-05  0.34239E-05  0.13547E-07  0.15905E-07  0.16315E-07  0.42067E-06  0.49689E-06
 0.800000E+02  0.31465E-05  0.62300E-06  0.26923E-06  0.92668E-06  0.82083E-06  0.32399E-08  0.58236E-08  0.37893E-08  0.89737E-07  0.26239E-06
 0.100000E+03  0.15677E-06  0.12958E-06  0.18144E-07  0.12423E-06  0.87814E-07  0.72310E-08  0.15663E-08  0.35061E-08  0.57942E-07  0.12617E-06
 0.120000E+03  0.84759E-07  0.31025E-07  0.94696E-08  0.36460E-07  0.30505E-07  0.18032E-08  0.45058E-09  0.53942E-09  0.47901E-07  0.44864E-07
 0.140000E+03  0.15582E-06  0.90704E-08  0.47216E-08  0.13545E-07  0.16443E-07  0.17264E-08  0.12102E-09  0.53393E-09  0.17508E-07  0.52592E-08
 0.160000E+03  0.47539E-07  0.14266E-08  0.11726E-08  0.56023E-08  0.23494E-08  0.58883E-09  0.18678E-10  0.30668E-09  0.71637E-08  0.58623E-08
 0.180000E+03  0.21558E-06  0.65047E-08  0.30559E-08  0.15755E-08  0.17524E-08  0.13324E-08  0.33482E-12  0.60552E-09  0.39366E-08  0.46131E-08
160.000000 10 10
 0.000000E+00  0.94651E+01  0.29990E-02  0.32205E-04  0.81569E-03  0.55325E-03  0.92298E-04  0.12928E-09  0.80669E-06  0.27184E-04  0.28438E-04
 0.200000E+02  0.20409E-01  0.94047E-03  0.40900E-03  0.98494E-05  0.94024E-04  0.20315E-04  0.67858E-07  0.13366E-04  0.61327E-03  0.51359E-03
 0.400000E+02  0.10156E-02  0.34513E-04  0.60284E-05  0.83884E-05  0.35273E-05  0.38584E-06  0.37068E-07  0.68032E-07  0.46623E-05  0.49554E-05
 0.600000E+02  0.35467E-04  0.16717E-05  0.13481E-05  0.38989E-05  0.30428E-05  0.14554E-07  0.11743E-07  0.13393E-07  0.17621E-06  0.15619E-06
 0.800000E+02  0.19560E-05  0.53791E-06  0.31901E-07  0.24792E-06  0.18675E-06  0.18326E-07  0.35914E-08  0.97082E-08  0.63753E-07  0.39262E-06
 0.100000E+03  0.15860E-06  0.84640E-07  0.10617E-07  0.17046E-07  0.10129E-07  0.14481E-07  0.88528E-09  0.57890E-08  0.13302E-07  0.93028E-07
 0.120000E+03  0.34534E-07  0.43242E-08  0.39256E-08  0.52226E-08  0.46846E-08  0.60037E-08  0.25081E-09  0.19939E-08  0.18220E-07  0.38610E-07
 0.140000E+03  0.19343E-06  0.17950E-08  0.63237E-09  0.49428E-08  0.37345E-08  0.63743E-09  0.60661E-10  0.21796E-09  0.14205E-07  0.98972E-08
 0.160000E+03  0.24001E-07  0.11858E-08  0.85683E-09  0.15008E-08  0.92568E-09  0.72993E-09  0.94321E-11  0.32274E-09  0.30524E-08  0.30847E-08
 0.180000E+03  0.38839E-06  0.75761E-08  0.15730E-08  0.25331E-08  0.38107E-08  0.13519E-08  0.28038E-12  0.36503E-09  0.22137E-08  0.33784E-08
180.000000 10 10
 0.000000E+00  0.86946E+01  0.21335E-02  0.22456E-04  0.73133E-03  0.39065E-03  0.65075E-04  0.82919E-10  0.56457E-06  0.20151E-04  0.20805E-04
 0.200000E+02  0.19100E-01  0.43662E-03  0.31832E-03  0.24909E-05  0.33875E-04  0.84683E-05  0.39269E-07  0.10644E-04  0.39997E-03  0.31707E-03
 0.400000E+02  0.65112E-03  0.16424E-04  0.44659E-05  0.10893E-04  0.49256E-05  0.25302E-06  0.18467E-07  0.37003E-07  0.45843E-05  0.22051E-05
 0.600000E+02  0.12974E-04  0.25681E-05  0.16210E-06  0.80592E-06  0.83893E-06  0.19539E-07  0.49173E-08  0.96255E-08  0.10296E-06  0.46675E-06
 0.800000E+02  0.56881E-06  0.86200E-07  0.12632E-06  0.15428E-06  0.17938E-06  0.37300E-07  0.12203E-08  0.94354E-08  0.25265E-07  0.91392E-07
 0.100000E+03  0.17473E-06  0.56682E-08  0.30292E-07  0.75506E-07  0.66866E-07  0.68706E-08  0.30046E-09  0.18240E-08  0.15428E-07  0.42561E-08
 0.120000E+03  0.19080E-07  0.11386E-07  0.75401E-08  0.16267E-07  0.21349E-07  0.29505E-08  0.78578E-10  0.76707E-09  0.10763E-07  0.27065E-08
 0.140000E+03  0.15754E-06  0.11234E-08  0.10289E-08  0.17574E-08  0.15952E-08  0.65614E-09  0.14559E-10  0.30278E-09  0.19776E-08  0.14492E-08
 0.160000E+03  0.19519E-06  0.19334E-08  0.78894E-09  0.12396E-08  0.15043E-08  0.26485E-09  0.26659E-11  0.10959E-09  0.12435E-08  0.82609E-09
 0.180000E+03  0.77693E-06  0.47987E-08  0.20734E-08  0.10965E-08  0.14050E-08  0.25818E-09  0.32352E-13  0.12215E-09  0.33697E-08  0.22821E-08
200.000000 10 10
 0.000000E+00  0.80806E+01  0.15959E-02  0.16615E-04  0.66053E-03  0.28937E-03  0.48237E-04  0.64410E-10  0.42128E-06  0.16351E-04  0.16591E-04
 0.200000E+02  0.17564E-01  0.20123E-03  0.23815E-03  0.31230E-05  0.16562E-04  0.34155E-05  0.30835E-07  0.82143E-05  0.25393E-03  0.18824E-03
 0.400000E+02  0.35885E-03  0.56441E-05  0.29609E-05  0.85567E-05  0.46145E-05  0.15080E-06  0.91585E-08  0.19599E-07  0.41042E-05  0.68100E-06
 0.600000E+02  0.79493E-05  0.17524E-05  0.11717E-06  0.16844E-06  0.76986E-07  0.27938E-07  0.19118E-08  0.81112E-08  0.10138E-06  0.42207E-06
 0.800000E+02  0.20402E-06  0.28944E-07  0.65070E-07  0.25537E-06  0.21378E-06  0.55810E-08  0.54164E-09  0.65393E-09  0.10574E-06  0.40201E-07
 0.100000E+03  0.16695E-06  0.28594E-07  0.47227E-08  0.22162E-07  0.19494E-07  0.80324E-09  0.11845E-09  0.34909E-09  0.17811E-07  0.20993E-07
 0.120000E+03  0.49272E-07  0.12366E-08  0.11800E-08  0.17828E-08  0.10928E-08  0.82672E-09  0.26538E-10  0.32811E-09  0.85798E-08  0.92275E-08
 0.140000E+03  0.11320E-06  0.20240E-08  0.40305E-09  0.59714E-09  0.42524E-09  0.14451E-09  0.45385E-11  0.62081E-10  0.95940E-09  0.52112E-09
 0.160000E+03  0.89776E-07  0.16530E-08  0.67686E-09  0.17852E-09  0.32282E-09  0.82454E-10  0.46791E-12  0.39834E-10  0.83660E-09  0.84948E-09
 0.180000E+03  0.77141E-06  0.14780E-07  0.16194E-08  0.31663E-09  0.29734E-08  0.28326E-09  0.45296E-14  0.10709E-09  0.21707E-08  0.16550E-08
 90.000000 10 10
 0.000000E+00  0.12257E+02  0.13286E-01  0.19550E-03  0.11029E-02  0.24119E-02  0.41886E-03  0.39015E-08  0.51319E-05  0.14838E-03  0.15045E-03
 0.200000E+02  0.12379E+00  0.66648E-02  0.56878E-03  0.24999E-03  0.15139E-02  0.19257E-03  0.14942E-05  0.17704E-04  0.16961E-02  0.15314E-02
 0.400000E+02  0.53184E-02  0.55016E-03  0.44576E-04  0.41967E-04  0.13262E-03  0.17378E-04  0.32187E-06  0.27829E-05  0.87312E-04  0.11254E-03
 0.600000E+02  0.50922E-03  0.50347E-04  0.43257E-05  0.12671E-04  0.20598E-04  0.10553E-05  0.17742E-06  0.14493E-06  0.29215E-05  0.70756E-05
 0.800000E+02  0.66669E-04  0.81185E-05  0.30191E-05  0.58249E-05  0.65824E-05  0.95862E-07  0.79341E-07  0.26959E-07  0.80002E-06  0.10815E-05
 0.100000E+03  0.10091E-04  0.11859E-05  0.15827E-05  0.27662E-05  0.24229E-05  0.31848E-07  0.37656E-07  0.29562E-08  0.14960E-06  0.34502E-06
 0.120000E+03  0.17623E-05  0.42713E-06  0.50528E-06  0.76289E-06  0.57589E-06  0.42921E-07  0.17498E-07  0.11448E-07  0.15084E-07  0.31668E-06
 0.140000E+03  0.30155E-06  0.40992E-06  0.46970E-07  0.14102E-06  0.12935E-06  0.49675E-07  0.80444E-08  0.10808E-07  0.12026E-06  0.34926E-06
 0.160000E+03  0.62117E-07  0.11676E-06  0.14851E-06  0.17041E-06  0.22541E-06  0.26371E-07  0.23926E-08  0.88315E-08  0.23956E-07  0.52502E-07
 0.180000E+03  0.37640E-06  0.56356E-07  0.70961E-07  0.11510E-06  0.13143E-06  0.37776E-08  0.22534E-10  0.21383E-08  0.44794E-07  0.38133E-07
 85.000000 10 10
 0.000000E+00  0.12251E+02  0.14813E-01  0.22631E-03  0.11145E-02  0.26756E-02  0.46789E-03  0.54054E-08  0.60061E-05  0.17427E-03  0.17469E-03
 0.200000E+02  0.15805E+00  0.71913E-02  0.56254E-03  0.27936E-03  0.17040E-02  0.21197E-03  0.18426E-05  0.17471E-04  0.17415E-02  0.15640E-02
 0.400000E+02  0.75843E-02  0.72944E-03  0.55976E-04  0.56815E-04  0.19280E-03  0.23362E-04  0.33802E-06  0.38350E-05  0.11326E-03  0.13619E-03
 0.600000E+02  0.74237E-03  0.65113E-04  0.67992E-05  0.17406E-04  0.30006E-04  0.16167E-05  0.23754E-06  0.22722E-06  0.43272E-05  0.83053E-05
 0.800000E+02  0.10108E-03  0.68348E-05  0.41562E-05  0.74071E-05  0.75453E-05  0.13862E-06  0.92942E-07  0.32683E-07  0.15120E-05  0.18737E-05
 0.100000E+03  0.15679E-04  0.13349E-05  0.19041E-05  0.28637E-05  0.21549E-05  0.39418E-07  0.44165E-07  0.47902E-08  0.32404E-06  0.86786E-06
 0.120000E+03  0.32026E-05  0.11406E-05  0.35325E-06  0.48013E-06  0.29028E-06  0.49284E-07  0.23531E-07  0.15759E-07  0.26377E-07  0.65281E-06
 0.140000E+03  0.57519E-06  0.62830E-06  0.14012E-06  0.39771E-06  0.44067E-06  0.59898E-07  0.11674E-07  0.65413E-08  0.16445E-06  0.28467E-06
 0.160000E+03  0.35664E-07  0.11559E-06  0.15531E-06  0.18653E-06  0.18979E-06  0.46374E-07  0.37994E-08  0.15337E-07  0.28864E-07  0.17695E-06
 0.180000E+03  0.48185E-06  0.15780E-06  0.11866E-06  0.36730E-07  0.15621E-06  0.68381E-08  0.59947E-10  0.61610E-08  0.13664E-07  0.32225E-07
 80.000000 10 10
 0.000000E+00  0.12165E+02  0.16408E-01  0.26493E-03  0.11244E-02  0.29452E-02  0.51953E-03  0.75263E-08  0.71235E-05  0.20233E-03  0.20045E-03
 0.200000E+02  0.19987E+00  0.76723E-02  0.55680E-03  0.30605E-03  0.18934E-02  0.23073E-03  0.22562E-05  0.17272E-04  0.17765E-02  0.15826E-02
 0.400000E+02  0.11139E-01  0.95148E-03  0.72502E-04  0.73974E-04  0.26912E-03  0.30432E-04  0.34647E-06  0.51958E-05  0.14498E-03  0.16244E-03
 0.600000E+02  0.11287E-02  0.86615E-04  0.11711E-04  0.22389E-04  0.42818E-04  0.23772E-05  0.31272E-06  0.37055E-06  0.68752E-05  0.10103E-04
 0.800000E+02  0.16099E-03  0.69031E-05  0.53093E-05  0.82649E-05  0.80979E-05  0.20385E-06  0.10695E-06  0.40189E-07  0.23965E-05  0.31824E-05
 0.100000E+03  0.26499E-04  0.30618E-05  0.18234E-05  0.23518E-05  0.15308E-05  0.55535E-07  0.51902E-07  0.71798E-08  0.47288E-06  0.15568E-05
 0.120000E+03  0.54291E-05  0.23302E-05  0.17545E-06  0.35570E-06  0.30536E-06  0.60240E-07  0.31195E-07  0.15360E-07  0.57708E-07  0.84916E-06
 0.140000E+03  0.92218E-06  0.65686E-06  0.39492E-06  0.84719E-06  0.90442E-06  0.75640E-07  0.16526E-07  0.44145E-08  0.14290E-06  0.13029E-06
 0.160000E+03  0.17444E-06  0.21309E-06  0.11164E-06  0.17693E-06  0.12721E-06  0.73313E-07  0.61238E-08  0.18821E-07  0.11131E-06  0.41199E-06
 0.180000E+03  0.35514E-06  0.25589E-06  0.13445E-06  0.55276E-07  0.17939E-06  0.14724E-07  0.14044E-09  0.12047E-07  0.17955E-07  0.13778E-06
 70.000000 10 10
 0.000000E+00  0.11699E+02  0.19846E-01  0.36055E-03  0.11526E-02  0.35059E-02  0.63209E-03  0.14912E-07  0.10035E-04  0.27706E-03  0.26639E-03
 0.200000E+02  0.30584E+00  0.84273E-02  0.55101E-03  0.33997E-03  0.22380E-02  0.26395E-03  0.32985E-05  0.17087E-04  0.18129E-02  0.15733E-02
 0.400000E+02  0.24642E-01  0.15189E-02  0.12692E-03  0.11043E-03  0.45982E-03  0.46109E-04  0.37440E-06  0.88698E-05  0.22996E-03  0.22700E-03
 0.600000E+02  0.28031E-02  0.15170E-03  0.37069E-04  0.30705E-04  0.77052E-04  0.42920E-05  0.50319E-06  0.10186E-05  0.22687E-04  0.21821E-04
 0.800000E+02  0.42303E-03  0.13837E-04  0.92968E-05  0.71845E-05  0.87646E-05  0.44065E-06  0.14859E-06  0.97536E-07  0.49484E-05  0.75452E-05
 0.100000E+03  0.74738E-04  0.11178E-04  0.13309E-05  0.11163E-05  0.17321E-05  0.16071E-06  0.76707E-07  0.24058E-07  0.51959E-06  0.22858E-05
 0.120000E+03  0.13775E-04  0.37543E-05  0.92027E-06  0.17505E-05  0.20983E-05  0.12840E-06  0.46950E-07  0.82316E-08  0.14262E-06  0.46650E-06
 0.140000E+03  0.19382E-05  0.76591E-06  0.83915E-06  0.12386E-05  0.95289E-06  0.10276E-06  0.30448E-07  0.15255E-07  0.50522E-07  0.50058E-06
 0.160000E+03  0.11817E-05  0.10013E-05  0.28320E-06  0.71964E-06  0.90880E-06  0.18709E-06  0.15849E-07  0.15609E-07  0.29361E-06  0.50243E-06
 0.180000E+03  0.10648E-05  0.12978E-06  0.50776E-07  0.47013E-06  0.11925E-06  0.66945E-07  0.58992E-09  0.20487E-07  0.19877E-06  0.63745E-06
 75.000000 10 10
 0.000000E+00  0.11987E+02  0.18132E-01  0.30796E-03  0.11371E-02  0.32313E-02  0.57557E-03  0.10547E-07  0.84167E-05  0.23801E-03  0.23240E-03
 0.200000E+02  0.24939E+00  0.80864E-02  0.55219E-03  0.32716E-03  0.20731E-02  0.24821E-03  0.27410E-05  0.17115E-04  0.17993E-02  0.15851E-02
 0.400000E+02  0.16570E-01  0.12183E-02  0.95384E-04  0.92492E-04  0.36037E-03  0.38253E-04  0.35281E-06  0.68667E-05  0.18366E-03  0.19230E-03
 0.600000E+02  0.17700E-02  0.11529E-03  0.20965E-04  0.27117E-04  0.58935E-04  0.32939E-05  0.40261E-06  0.61721E-06  0.12025E-04  0.13643E-04
 0.800000E+02  0.26084E-03  0.91197E-05  0.68724E-05  0.81857E-05  0.84853E-05  0.30061E-06  0.12382E-06  0.57740E-07  0.33751E-05  0.48864E-05
 0.100000E+03  0.45441E-04  0.66533E-05  0.14862E-05  0.15760E-05  0.12048E-05  0.92683E-07  0.62260E-07  0.11997E-07  0.51696E-06  0.20885E-05
 0.120000E+03  0.89639E-05  0.34583E-05  0.28825E-06  0.75701E-06  0.98009E-06  0.84175E-07  0.39634E-07  0.11446E-07  0.73223E-07  0.72260E-06
 0.140000E+03  0.11367E-05  0.53999E-06  0.70794E-06  0.12338E-05  0.11771E-05  0.91672E-07  0.22752E-07  0.76774E-08  0.75283E-07  0.12059E-06
 0.160000E+03  0.55768E-06  0.53353E-06  0.10002E-06  0.28352E-06  0.26404E-06  0.11730E-06  0.99067E-08  0.17842E-07  0.23181E-06  0.58128E-06
 0.180000E+03  0.27894E-06  0.15679E-06  0.10877E-06  0.23951E-06  0.11928E-06  0.28508E-07  0.29994E-09  0.18079E-07  0.84863E-07  0.36929E-06
 65.000000 10 10
 0.000000E+00  0.11288E+02  0.21562E-01  0.41937E-03  0.11771E-02  0.37701E-02  0.68947E-03  0.21290E-07  0.11942E-04  0.32479E-03  0.30661E-03
 0.200000E+02  0.36733E+00  0.86876E-02  0.55379E-03  0.34070E-03  0.23788E-02  0.27759E-03  0.39255E-05  0.17196E-04  0.18162E-02  0.15465E-02
 0.400000E+02  0.36261E-01  0.18377E-02  0.16806E-03  0.12528E-03  0.55716E-03  0.52973E-04  0.44812E-06  0.11124E-04  0.28493E-03  0.26922E-03
 0.600000E+02  0.44093E-02  0.19543E-03  0.61853E-04  0.31841E-04  0.93647E-04  0.53157E-05  0.60558E-06  0.16134E-05  0.43895E-04  0.40088E-04
 0.800000E+02  0.66585E-03  0.22794E-04  0.12859E-04  0.54398E-05  0.88237E-05  0.72629E-06  0.18946E-06  0.17163E-06  0.82692E-05  0.12517E-04
 0.100000E+03  0.11663E-03  0.15785E-04  0.16946E-05  0.15046E-05  0.32596E-05  0.28864E-06  0.97240E-07  0.45793E-07  0.81594E-06  0.24995E-05
 0.120000E+03  0.19888E-04  0.32201E-05  0.18745E-05  0.29565E-05  0.29466E-05  0.20260E-06  0.51198E-07  0.94626E-08  0.37181E-06  0.57161E-06
 0.140000E+03  0.48993E-05  0.21262E-05  0.63502E-06  0.92307E-06  0.50955E-06  0.12978E-06  0.39108E-07  0.21488E-07  0.11216E-06  0.10871E-05
 0.160000E+03  0.20236E-05  0.12074E-05  0.76494E-06  0.14662E-05  0.18537E-05  0.25934E-06  0.24750E-07  0.20289E-07  0.25147E-06  0.31229E-06
 0.180000E+03  0.37975E-05  0.49823E-06  0.14767E-06  0.68115E-06  0.60416E-06  0.15885E-06  0.10834E-08  0.20076E-07  0.34681E-06  0.68248E-06
 55.000000 10 10
 0.000000E+00  0.10033E+02  0.24281E-01  0.56743E-03  0.12725E-02  0.41283E-02  0.78596E-03  0.44298E-07  0.17058E-04  0.43443E-03  0.39290E-03
 0.200000E+02  0.48923E+00  0.90182E-02  0.57643E-03  0.29357E-03  0.25686E-02  0.29817E-03  0.53319E-05  0.18044E-04  0.18004E-02  0.14567E-02
 0.400000E+02  0.73817E-01  0.23818E-02  0.28047E-03  0.13357E-03  0.67623E-03  0.59003E-04  0.10579E-05  0.15914E-04  0.42894E-03  0.39336E-03
 0.600000E+02  0.99723E-02  0.33478E-03  0.13398E-03  0.23834E-04  0.11143E-03  0.90318E-05  0.76141E-06  0.33266E-05  0.14473E-03  0.13598E-03
 0.800000E+02  0.14035E-02  0.95313E-04  0.20192E-04  0.38256E-05  0.16651E-04  0.38480E-05  0.36909E-06  0.49157E-06  0.25437E-04  0.35571E-04
 0.100000E+03  0.24536E-03  0.34282E-04  0.42841E-05  0.68422E-05  0.11416E-04  0.12129E-05  0.17991E-06  0.14200E-06  0.32773E-05  0.48881E-05
 0.120000E+03  0.68080E-04  0.77215E-05  0.31586E-05  0.44073E-05  0.34836E-05  0.47364E-06  0.55519E-07  0.38604E-07  0.10323E-05  0.23600E-05
 0.140000E+03  0.28247E-04  0.60350E-05  0.89503E-06  0.14637E-05  0.19095E-05  0.41909E-06  0.48563E-07  0.23071E-07  0.46546E-06  0.11240E-05
 0.160000E+03  0.40112E-05  0.29871E-05  0.13335E-05  0.19123E-05  0.18689E-05  0.36190E-06  0.52039E-07  0.56465E-07  0.48743E-06  0.17326E-05
 0.180000E+03  0.26300E-04  0.46892E-06  0.13185E-05  0.10016E-05  0.30446E-05  0.24571E-06  0.32770E-08  0.54812E-07  0.34637E-06  0.20812E-06
 60.000000 10 10
 0.000000E+00  0.10735E+02  0.23083E-01  0.48912E-03  0.12144E-02  0.39855E-02  0.74207E-03  0.30622E-07  0.14282E-04  0.37674E-03  0.34860E-03
 0.200000E+02  0.43029E+00  0.88782E-02  0.56236E-03  0.32607E-03  0.24909E-02  0.28896E-03  0.46106E-05  0.17516E-04  0.18124E-02  0.15076E-02
 0.400000E+02  0.52410E-01  0.21392E-02  0.21966E-03  0.13387E-03  0.63536E-03  0.57606E-04  0.64062E-06  0.13540E-04  0.35058E-03  0.32311E-03
 0.600000E+02  0.67625E-02  0.25176E-03  0.95418E-04  0.29422E-04  0.10527E-03  0.66029E-05  0.69592E-06  0.24048E-05  0.82418E-04  0.75883E-04
 0.800000E+02  0.99900E-03  0.43777E-04  0.16903E-04  0.36206E-05  0.97309E-05  0.15599E-05  0.25831E-06  0.29061E-06  0.14814E-04  0.21615E-04
 0.100000E+03  0.16998E-03  0.21820E-04  0.25888E-05  0.32088E-05  0.59930E-05  0.58701E-06  0.12845E-06  0.80067E-07  0.17221E-05  0.32666E-05
 0.120000E+03  0.32592E-04  0.37942E-05  0.26701E-05  0.39008E-05  0.32103E-05  0.32401E-06  0.52488E-07  0.17855E-07  0.70558E-06  0.12735E-05
 0.140000E+03  0.12675E-04  0.44374E-05  0.41838E-06  0.84057E-06  0.72388E-06  0.21679E-06  0.46589E-07  0.22269E-07  0.23916E-06  0.13634E-05
 0.160000E+03  0.25657E-05  0.13968E-05  0.12880E-05  0.20095E-05  0.22955E-05  0.30117E-06  0.37084E-07  0.36832E-07  0.22859E-06  0.55676E-06
 0.180000E+03  0.11421E-04  0.95421E-06  0.72847E-06  0.10106E-05  0.19100E-05  0.25938E-06  0.18863E-08  0.30720E-07  0.40081E-06  0.26730E-06
 50.000000 10 10
 0.000000E+00  0.91777E+01  0.24987E-01  0.65222E-03  0.13621E-02  0.41673E-02  0.81570E-03  0.64408E-07  0.20321E-04  0.49829E-03  0.43834E-03
 0.200000E+02  0.53663E+00  0.91337E-02  0.59537E-03  0.24299E-03  0.26081E-02  0.30541E-03  0.60511E-05  0.18783E-04  0.17742E-02  0.13919E-02
 0.400000E+02  0.10053E+00  0.25238E-02  0.34787E-03  0.12317E-03  0.66550E-03  0.57240E-04  0.18483E-05  0.18016E-04  0.52163E-03  0.48362E-03
 0.600000E+02  0.13935E-01  0.47733E-03  0.16939E-03  0.19033E-04  0.12141E-03  0.14428E-04  0.80937E-06  0.42437E-05  0.23225E-03  0.22040E-03
 0.800000E+02  0.18686E-02  0.20639E-03  0.22930E-04  0.10228E-04  0.41092E-04  0.87863E-05  0.53263E-06  0.88285E-06  0.39382E-04  0.52687E-04
 0.100000E+03  0.40085E-03  0.57117E-04  0.86382E-05  0.12633E-04  0.21192E-04  0.21208E-05  0.26568E-06  0.27780E-06  0.61552E-05  0.82303E-05
 0.120000E+03  0.15938E-03  0.15041E-04  0.39519E-05  0.43136E-05  0.42604E-05  0.60345E-06  0.72713E-07  0.84326E-07  0.19151E-05  0.40854E-05
 0.140000E+03  0.51008E-04  0.66541E-05  0.22426E-05  0.27887E-05  0.34593E-05  0.84480E-06  0.41546E-07  0.37257E-07  0.97113E-06  0.10875E-05
 0.160000E+03  0.13706E-04  0.79021E-05  0.92266E-06  0.18294E-05  0.19022E-05  0.62098E-06  0.65712E-07  0.73314E-07  0.10528E-05  0.32382E-05
 0.180000E+03  0.45610E-04  0.10240E-05  0.92851E-06  0.13144E-06  0.15086E-05  0.23495E-06  0.59995E-08  0.77075E-07  0.78228E-06  0.18157E-05
 45.000000 10 10
 0.000000E+00  0.81761E+01  0.24830E-01  0.74301E-03  0.14897E-02  0.40389E-02  0.82057E-03  0.95013E-07  0.24035E-04  0.55998E-03  0.47705E-03
 0.200000E+02  0.56404E+00  0.92432E-02  0.61692E-03  0.17894E-03  0.26076E-02  0.30998E-03  0.67131E-05  0.19709E-04  0.17291E-02  0.13113E-02
 0.400000E+02  0.13095E+00  0.25537E-02  0.41613E-03  0.10372E-03  0.60484E-03  0.54672E-04  0.31790E-05  0.19554E-04  0.63038E-03  0.59437E-03
 0.600000E+02  0.18242E-01  0.72497E-03  0.19234E-03  0.23320E-04  0.15652E-03  0.25020E-04  0.90105E-06  0.50435E-05  0.33499E-03  0.31568E-03
 0.800000E+02  0.25184E-02  0.40121E-03  0.29926E-04  0.27427E-04  0.95859E-04  0.16783E-04  0.74974E-06  0.16783E-05  0.55880E-04  0.70816E-04
 0.100000E+03  0.81067E-03  0.87605E-04  0.19080E-04  0.18513E-04  0.33594E-04  0.28519E-05  0.40006E-06  0.54203E-06  0.14613E-04  0.17962E-04
 0.120000E+03  0.33125E-03  0.29059E-04  0.54624E-05  0.37722E-05  0.64249E-05  0.10743E-05  0.12945E-06  0.17674E-06  0.45737E-05  0.74987E-05
 0.140000E+03  0.83872E-04  0.12289E-04  0.40974E-05  0.52756E-05  0.55691E-05  0.16418E-05  0.32669E-07  0.87832E-07  0.16730E-05  0.21670E-05
 0.160000E+03  0.49039E-04  0.14497E-04  0.12893E-05  0.28042E-05  0.46192E-05  0.14202E-05  0.71992E-07  0.10147E-06  0.19832E-05  0.41690E-05
 0.180000E+03  0.10739E-03  0.11545E-04  0.38972E-07  0.14201E-05  0.33532E-06  0.66568E-06  0.12594E-07  0.89074E-07  0.13433E-05  0.39314E-05
 40.000000 10 10
 0.000000E+00  0.70546E+01  0.23500E-01  0.83183E-03  0.16663E-02  0.36971E-02  0.79020E-03  0.14482E-06  0.28002E-04  0.61418E-03  0.50278E-03
 0.200000E+02  0.56410E+00  0.93255E-02  0.63703E-03  0.11414E-03  0.25596E-02  0.31025E-03  0.72464E-05  0.20743E-04  0.16492E-02  0.12071E-02
 0.400000E+02  0.16057E+00  0.25356E-02  0.47839E-03  0.78416E-04  0.52658E-03  0.56904E-04  0.51527E-05  0.20284E-04  0.75118E-03  0.71849E-03
 0.600000E+02  0.22159E-01  0.11159E-02  0.19838E-03  0.46221E-04  0.24192E-03  0.41628E-04  0.12118E-05  0.57249E-05  0.42927E-03  0.39401E-03
 0.800000E+02  0.39575E-02  0.66520E-03  0.51925E-04  0.55023E-04  0.17839E-03  0.25609E-04  0.10243E-05  0.30809E-05  0.80951E-04  0.96303E-04
 0.100000E+03  0.17431E-02  0.12683E-03  0.36449E-04  0.20031E-04  0.43783E-04  0.37460E-05  0.59747E-06  0.95649E-06  0.37130E-04  0.42607E-04
 0.120000E+03  0.54919E-03  0.70104E-04  0.78899E-05  0.60597E-05  0.16161E-04  0.31908E-05  0.26792E-06  0.38539E-06  0.91379E-05  0.13310E-04
 0.140000E+03  0.17936E-03  0.29616E-04  0.73472E-05  0.93943E-05  0.98879E-05  0.25490E-05  0.58842E-07  0.22051E-06  0.37083E-05  0.59071E-05
 0.160000E+03  0.12714E-03  0.25519E-04  0.37419E-05  0.64397E-05  0.11648E-04  0.34646E-05  0.80307E-07  0.18901E-06  0.35274E-05  0.51193E-05
 0.180000E+03  0.37387E-03  0.20669E-04  0.21698E-05  0.66148E-05  0.38811E-05  0.78108E-06  0.32029E-07  0.12339E-06  0.23039E-05  0.47893E-05
 30.000000 10 10
 0.000000E+00  0.47036E+01  0.16439E-01  0.96935E-03  0.21238E-02  0.22619E-02  0.58834E-03  0.28095E-06  0.34907E-04  0.64930E-03  0.47801E-03
 0.200000E+02  0.49632E+00  0.89145E-02  0.66136E-03  0.93588E-04  0.22429E-02  0.27819E-03  0.74140E-05  0.22933E-04  0.13127E-02  0.89214E-03
 0.400000E+02  0.17987E+00  0.32479E-02  0.55314E-03  0.29531E-04  0.63336E-03  0.11208E-03  0.10675E-04  0.19242E-04  0.96368E-03  0.91644E-03
 0.600000E+02  0.26968E-01  0.21309E-02  0.21921E-03  0.12681E-03  0.52263E-03  0.70233E-04  0.38253E-05  0.78972E-05  0.50309E-03  0.41752E-03
 0.800000E+02  0.14992E-01  0.10674E-02  0.15691E-03  0.86390E-04  0.27519E-03  0.29012E-04  0.24519E-05  0.64046E-05  0.22514E-03  0.23691E-03
 0.100000E+03  0.48442E-02  0.49926E-03  0.72840E-04  0.32285E-04  0.12486E-03  0.24797E-04  0.14438E-05  0.29253E-05  0.12428E-03  0.12785E-03
 0.120000E+03  0.15827E-02  0.30780E-03  0.41133E-04  0.40716E-04  0.86364E-04  0.11001E-04  0.10934E-05  0.16769E-05  0.46660E-04  0.60975E-04
 0.140000E+03  0.11362E-02  0.14470E-03  0.29010E-04  0.15469E-04  0.37675E-04  0.74609E-05  0.78567E-06  0.12715E-05  0.30533E-04  0.40677E-04
 0.160000E+03  0.76304E-03  0.17666E-03  0.12412E-04  0.41015E-04  0.57506E-04  0.13281E-04  0.72423E-06  0.53300E-06  0.19854E-04  0.29324E-04
 0.180000E+03  0.17597E-02  0.72575E-04  0.76690E-06  0.18391E-04  0.20679E-04  0.10258E-04  0.27815E-06  0.33689E-06  0.27419E-05  0.68180E-05
 33.000000 10 10
 0.000000E+00  0.53913E+01  0.19197E-01  0.94019E-03  0.19968E-02  0.28021E-02  0.66626E-03  0.24478E-06  0.33492E-04  0.65416E-03  0.49639E-03
 0.200000E+02  0.52036E+00  0.92019E-02  0.65690E-03  0.71882E-04  0.23742E-02  0.29617E-03  0.74580E-05  0.22256E-04  0.14441E-02  0.10041E-02
 0.400000E+02  0.18403E+00  0.28209E-02  0.54022E-03  0.41732E-04  0.53354E-03  0.84883E-04  0.89165E-05  0.19842E-04  0.91457E-03  0.87750E-03
 0.600000E+02  0.25872E-01  0.18361E-02  0.20187E-03  0.10555E-03  0.43938E-03  0.65764E-04  0.26621E-05  0.69618E-05  0.49794E-03  0.42779E-03
 0.800000E+02  0.10052E-01  0.99591E-03  0.12099E-03  0.86822E-04  0.27048E-03  0.30447E-04  0.17449E-05  0.56308E-05  0.16483E-03  0.18044E-03
 0.100000E+03  0.39599E-02  0.30535E-03  0.61769E-04  0.20068E-04  0.78816E-04  0.13787E-04  0.10649E-05  0.20238E-05  0.96814E-04  0.10193E-03
 0.120000E+03  0.96535E-03  0.22192E-03  0.23356E-04  0.26873E-04  0.60821E-04  0.94791E-05  0.71744E-06  0.11541E-05  0.24915E-04  0.35313E-04
 0.140000E+03  0.73973E-03  0.83478E-04  0.20110E-04  0.13867E-04  0.22133E-04  0.42248E-05  0.37891E-06  0.74963E-06  0.18148E-04  0.24302E-04
 0.160000E+03  0.39742E-03  0.98321E-04  0.94767E-05  0.25677E-04  0.36582E-04  0.95293E-05  0.30869E-06  0.40560E-06  0.10430E-04  0.16027E-04
 0.180000E+03  0.13849E-02  0.19423E-04  0.27867E-05  0.32148E-05  0.12297E-04  0.37671E-05  0.14405E-06  0.31416E-06  0.26688E-05  0.18518E-05
 36.000000 10 10
 0.000000E+00  0.61056E+01  0.21415E-01  0.89782E-03  0.18489E-02  0.32497E-02  0.73152E-03  0.20312E-06  0.31341E-04  0.64468E-03  0.50535E-03
 0.200000E+02  0.54382E+00  0.93197E-02  0.64994E-03  0.78132E-04  0.24750E-02  0.30549E-03  0.74669E-05  0.21593E-04  0.15477E-02  0.11005E-02
 0.400000E+02  0.17827E+00  0.26105E-02  0.51873E-03  0.56767E-04  0.49966E-03  0.67901E-04  0.71820E-05  0.20232E-04  0.84850E-03  0.81573E-03
 0.600000E+02  0.24554E-01  0.15192E-02  0.19787E-03  0.78817E-04  0.34898E-03  0.56765E-04  0.18449E-05  0.63395E-05  0.47934E-03  0.42521E-03
 0.800000E+02  0.65953E-02  0.87618E-03  0.86660E-04  0.77194E-04  0.24214E-03  0.30051E-04  0.13432E-05  0.45613E-05  0.11896E-03  0.13484E-03
 0.100000E+03  0.29438E-02  0.19458E-03  0.51741E-04  0.18135E-04  0.55569E-04  0.71452E-05  0.82277E-06  0.14480E-05  0.68578E-04  0.74847E-04
 0.120000E+03  0.72398E-03  0.14343E-03  0.13290E-04  0.14864E-04  0.37163E-04  0.66955E-05  0.47502E-06  0.74076E-06  0.14950E-04  0.21688E-04
 0.140000E+03  0.41677E-03  0.53186E-04  0.13232E-04  0.12506E-04  0.15269E-04  0.31523E-05  0.17166E-06  0.44711E-06  0.94751E-05  0.13621E-04
 0.160000E+03  0.23269E-03  0.53080E-04  0.68492E-05  0.14662E-04  0.22782E-04  0.65147E-05  0.14276E-06  0.30568E-06  0.60482E-05  0.88108E-05
 0.180000E+03  0.89809E-03  0.12846E-04  0.42207E-05  0.51660E-05  0.77651E-05  0.87272E-06  0.74825E-07  0.21358E-06  0.33548E-05  0.32688E-05
 23.000000 10 10
 0.000000E+00  0.33577E+01  0.78664E-02  0.94446E-03  0.25011E-02  0.93497E-03  0.30051E-03  0.83297E-06  0.37329E-04  0.54653E-03  0.33107E-03
 0.200000E+02  0.50566E+00  0.74624E-02  0.65122E-03  0.31282E-03  0.17737E-02  0.20340E-03  0.65991E-05  0.23360E-04  0.88433E-03  0.56930E-03
 0.400000E+02  0.11729E+00  0.50607E-02  0.55856E-03  0.15968E-04  0.11326E-02  0.20034E-03  0.12476E-04  0.16415E-04  0.93372E-03  0.86758E-03
 0.600000E+02  0.30598E-01  0.25957E-02  0.35380E-03  0.13862E-03  0.55302E-03  0.67354E-04  0.85044E-05  0.11252E-04  0.53308E-03  0.44285E-03
 0.800000E+02  0.28665E-01  0.12095E-02  0.20599E-03  0.60375E-04  0.28317E-03  0.31912E-04  0.67783E-05  0.57631E-05  0.35625E-03  0.33263E-03
 0.100000E+03  0.65537E-02  0.11395E-02  0.12925E-03  0.95425E-04  0.25675E-03  0.48187E-04  0.37913E-05  0.60751E-05  0.18560E-03  0.20548E-03
 0.120000E+03  0.61170E-02  0.57719E-03  0.98856E-04  0.56984E-04  0.16718E-03  0.20059E-04  0.34045E-05  0.36135E-05  0.14595E-03  0.15204E-03
 0.140000E+03  0.16419E-02  0.54101E-03  0.74206E-04  0.43677E-04  0.13664E-03  0.27985E-04  0.38087E-05  0.36558E-05  0.95518E-04  0.14054E-03
 0.160000E+03  0.32986E-02  0.63158E-03  0.27498E-04  0.10924E-03  0.16891E-03  0.37680E-04  0.43641E-05  0.15185E-05  0.71061E-04  0.89448E-04
 0.180000E+03  0.43688E-02  0.15949E-03  0.15892E-04  0.16073E-03  0.22279E-04  0.15344E-04  0.11058E-05  0.23830E-06  0.47444E-04  0.32492E-04
 26.000000 10 10
 0.000000E+00  0.38773E+01  0.11787E-01  0.97212E-03  0.22769E-02  0.14746E-02  0.44960E-03  0.47827E-06  0.36276E-04  0.61255E-03  0.40685E-03
 0.200000E+02  0.48188E+00  0.82197E-02  0.65857E-03  0.18645E-03  0.20243E-02  0.23883E-03  0.73322E-05  0.23575E-04  0.10913E-02  0.71772E-03
 0.400000E+02  0.15365E+00  0.41910E-02  0.56235E-03  0.17495E-04  0.87407E-03  0.16375E-03  0.12309E-04  0.17882E-04  0.97484E-03  0.91189E-03
 0.600000E+02  0.28792E-01  0.24520E-02  0.27925E-03  0.14167E-03  0.58381E-03  0.69896E-04  0.61369E-05  0.98001E-05  0.50847E-03  0.41280E-03
 0.800000E+02  0.23140E-01  0.11190E-02  0.19442E-03  0.73042E-04  0.26208E-03  0.28381E-04  0.43462E-05  0.64822E-05  0.31123E-03  0.30675E-03
 0.100000E+03  0.56704E-02  0.87110E-03  0.98142E-04  0.68686E-04  0.21133E-03  0.41425E-04  0.24249E-05  0.47147E-05  0.15773E-03  0.16554E-03
 0.120000E+03  0.36617E-02  0.42712E-03  0.73508E-04  0.52640E-04  0.12168E-03  0.12503E-04  0.20357E-05  0.25608E-05  0.99642E-04  0.11191E-03
 0.140000E+03  0.14837E-02  0.32377E-03  0.47248E-04  0.25193E-04  0.84764E-04  0.17846E-04  0.19664E-05  0.24901E-05  0.55790E-04  0.80773E-04
 0.160000E+03  0.18728E-02  0.37191E-03  0.19304E-04  0.71597E-04  0.10563E-03  0.22790E-04  0.21541E-05  0.90823E-06  0.44683E-04  0.58840E-04
 0.180000E+03  0.25138E-02  0.17044E-03  0.66880E-05  0.88674E-04  0.27569E-04  0.15378E-04  0.64021E-06  0.13811E-06  0.20949E-04  0.26248E-04
 12.000000 10 10
 0.000000E+00  0.26806E+01  0.12556E-02  0.70504E-03  0.16036E-02  0.45377E-03  0.54897E-04  0.26664E-05  0.22937E-04  0.19946E-03  0.27290E-03
 0.200000E+02  0.11699E+01  0.39572E-02  0.61926E-03  0.81104E-03  0.10239E-02  0.78584E-04  0.73581E-05  0.18763E-04  0.25185E-03  0.29556E-03
 0.400000E+02  0.71218E-01  0.71494E-02  0.56913E-03  0.29616E-03  0.16017E-02  0.20881E-03  0.11569E-04  0.13285E-04  0.47160E-03  0.40243E-03
 0.600000E+02  0.12755E-01  0.32106E-02  0.56862E-03  0.25700E-03  0.68811E-03  0.93006E-04  0.12437E-04  0.14300E-04  0.64875E-03  0.46388E-03
 0.800000E+02  0.10383E-01  0.25117E-02  0.38546E-03  0.13555E-03  0.61119E-03  0.37229E-04  0.17816E-04  0.11002E-04  0.39499E-03  0.33315E-03
 0.100000E+03  0.20373E-01  0.21081E-02  0.26309E-03  0.91517E-04  0.55118E-03  0.77195E-04  0.21021E-04  0.82185E-05  0.26394E-03  0.32041E-03
 0.120000E+03  0.77696E-02  0.18540E-02  0.30511E-03  0.14522E-03  0.43508E-03  0.70126E-04  0.24892E-04  0.12283E-04  0.35237E-03  0.41639E-03
 0.140000E+03  0.81300E-02  0.17373E-02  0.19275E-03  0.12890E-03  0.61177E-03  0.69922E-04  0.30628E-04  0.83802E-05  0.36780E-03  0.42636E-03
 0.160000E+03  0.15413E-01  0.22060E-02  0.71057E-04  0.45389E-03  0.52335E-03  0.11852E-03  0.25955E-04  0.36700E-05  0.16783E-03  0.26335E-03
 0.180000E+03  0.16112E-01  0.11863E-02  0.32077E-04  0.73690E-03  0.93965E-04  0.97450E-04  0.66930E-05  0.30295E-05  0.65095E-04  0.15276E-03
 14.000000 10 10
 0.000000E+00  0.26728E+01  0.73883E-03  0.76526E-03  0.17027E-02  0.26137E-03  0.39606E-04  0.35687E-06  0.23420E-04  0.23040E-03  0.15695E-03
 0.200000E+02  0.97537E+00  0.39223E-02  0.62977E-03  0.75913E-03  0.10795E-02  0.64220E-04  0.71011E-05  0.19887E-04  0.32282E-03  0.26277E-03
 0.400000E+02  0.37817E-01  0.73344E-02  0.55982E-03  0.23696E-03  0.16141E-02  0.22637E-03  0.11768E-04  0.14365E-04  0.56782E-03  0.49935E-03
 0.600000E+02  0.20408E-01  0.29217E-02  0.52965E-03  0.15739E-03  0.56747E-03  0.90166E-04  0.11894E-04  0.12648E-04  0.65232E-03  0.53527E-03
 0.800000E+02  0.17562E-01  0.24229E-02  0.32901E-03  0.97723E-04  0.58375E-03  0.45937E-04  0.15143E-04  0.96946E-05  0.36598E-03  0.31503E-03
 0.100000E+03  0.18114E-01  0.17379E-02  0.22733E-03  0.87125E-04  0.38937E-03  0.63524E-04  0.16899E-04  0.72487E-05  0.26620E-03  0.29074E-03
 0.120000E+03  0.75676E-02  0.16380E-02  0.25864E-03  0.12505E-03  0.38858E-03  0.56355E-04  0.18481E-04  0.10869E-04  0.29052E-03  0.35084E-03
 0.140000E+03  0.89538E-02  0.13076E-02  0.17795E-03  0.83318E-04  0.46064E-03  0.50634E-04  0.21727E-04  0.80707E-05  0.33833E-03  0.37298E-03
 0.160000E+03  0.10706E-01  0.20158E-02  0.62383E-04  0.36804E-03  0.49971E-03  0.10531E-03  0.21532E-04  0.44010E-05  0.15233E-03  0.23278E-03
 0.180000E+03  0.82412E-02  0.96201E-03  0.17700E-04  0.51914E-03  0.92027E-04  0.87924E-04  0.51280E-05  0.29723E-05  0.50813E-04  0.13936E-03
 10.000000 10 10
 0.000000E+00  0.26558E+01  0.32126E-02  0.66058E-03  0.11842E-02  0.81138E-03  0.10552E-03  0.11890E-04  0.15754E-04  0.18982E-03  0.26845E-03
 0.200000E+02  0.13618E+01  0.48610E-02  0.62382E-03  0.64643E-03  0.11089E-02  0.11972E-03  0.13413E-04  0.15069E-04  0.22376E-03  0.26521E-03
 0.400000E+02  0.14655E+00  0.67358E-02  0.60314E-03  0.37298E-03  0.14883E-02  0.17969E-03  0.14160E-04  0.14175E-04  0.40574E-03  0.31215E-03
 0.600000E+02  0.63420E-02  0.34863E-02  0.59296E-03  0.41478E-03  0.79047E-03  0.86954E-04  0.13823E-04  0.14890E-04  0.57272E-03  0.37985E-03
 0.800000E+02  0.73458E-02  0.24809E-02  0.43093E-03  0.21708E-03  0.67367E-03  0.32861E-04  0.17515E-04  0.13104E-04  0.40112E-03  0.35825E-03
 0.100000E+03  0.19536E-01  0.25206E-02  0.33323E-03  0.11733E-03  0.72753E-03  0.87955E-04  0.19244E-04  0.11085E-04  0.28364E-03  0.37042E-03
 0.120000E+03  0.89732E-02  0.21974E-02  0.32574E-03  0.21384E-03  0.59576E-03  0.89755E-04  0.27905E-04  0.12089E-04  0.38968E-03  0.47645E-03
 0.140000E+03  0.50999E-02  0.22806E-02  0.19381E-03  0.19508E-03  0.73679E-03  0.92743E-04  0.34070E-04  0.78259E-05  0.38670E-03  0.47142E-03
 0.160000E+03  0.21175E-01  0.21274E-02  0.75690E-04  0.52975E-03  0.55450E-03  0.10230E-03  0.22134E-04  0.27987E-05  0.19272E-03  0.29974E-03
 0.180000E+03  0.31422E-01  0.11856E-02  0.40975E-04  0.10166E-02  0.20449E-03  0.91114E-04  0.66397E-05  0.19860E-05  0.89138E-04  0.19838E-03
 18.000000 10 10
 0.000000E+00  0.27827E+01  0.30193E-02  0.92357E-03  0.23706E-02  0.16713E-03  0.11709E-03  0.75367E-06  0.27639E-04  0.35121E-03  0.19554E-03
 0.200000E+02  0.67571E+00  0.55646E-02  0.65233E-03  0.54932E-03  0.12477E-02  0.12416E-03  0.62867E-05  0.20346E-04  0.52988E-03  0.33220E-03
 0.400000E+02  0.48428E-01  0.66162E-02  0.54443E-03  0.11178E-03  0.15528E-02  0.23116E-03  0.12470E-04  0.16549E-04  0.77779E-03  0.71982E-03
 0.600000E+02  0.30479E-01  0.25554E-02  0.46471E-03  0.97586E-04  0.44821E-03  0.62793E-04  0.11154E-04  0.12121E-04  0.61213E-03  0.52591E-03
 0.800000E+02  0.29442E-01  0.17637E-02  0.22519E-03  0.57420E-04  0.46890E-03  0.47494E-04  0.10825E-04  0.65230E-05  0.36071E-03  0.30271E-03
 0.100000E+03  0.11189E-01  0.13592E-02  0.18075E-03  0.92408E-04  0.26102E-03  0.45195E-04  0.84629E-05  0.68737E-05  0.24825E-03  0.28407E-03
 0.120000E+03  0.84207E-02  0.11221E-02  0.16138E-03  0.87522E-04  0.30364E-03  0.43651E-04  0.83228E-05  0.68769E-05  0.21384E-03  0.22369E-03
 0.140000E+03  0.45595E-02  0.88615E-03  0.13578E-03  0.65745E-04  0.24717E-03  0.32215E-04  0.10029E-04  0.55533E-05  0.23782E-03  0.29067E-03
 0.160000E+03  0.63051E-02  0.13211E-02  0.42081E-04  0.21114E-03  0.34799E-03  0.72970E-04  0.10345E-04  0.30327E-05  0.11756E-03  0.15760E-03
 0.180000E+03  0.78539E-02  0.30856E-03  0.90212E-05  0.30182E-03  0.55681E-04  0.63428E-04  0.30144E-05  0.20775E-05  0.45729E-04  0.49580E-04
  7.000000 10 10
 0.000000E+00  0.24406E+01  0.72258E-02  0.63419E-03  0.24467E-03  0.12371E-02  0.10832E-03  0.19536E-04  0.99353E-05  0.46449E-03  0.19871E-03
 0.200000E+02  0.15236E+01  0.68620E-02  0.60163E-03  0.27115E-03  0.12029E-02  0.10461E-03  0.20247E-04  0.97949E-05  0.45331E-03  0.19523E-03
 0.400000E+02  0.32536E+00  0.60387E-02  0.53907E-03  0.47546E-03  0.10974E-02  0.10486E-03  0.20824E-04  0.10016E-04  0.43628E-03  0.18949E-03
 0.600000E+02  0.96700E-02  0.39666E-02  0.51413E-03  0.51289E-03  0.82007E-03  0.77421E-04  0.22284E-04  0.12173E-04  0.41940E-03  0.19229E-03
 0.800000E+02  0.13383E-01  0.25074E-02  0.49179E-03  0.25985E-03  0.74013E-03  0.53044E-04  0.20118E-04  0.14405E-04  0.39131E-03  0.21571E-03
 0.100000E+03  0.23432E-01  0.27682E-02  0.39492E-03  0.33185E-03  0.88733E-03  0.80863E-04  0.17057E-04  0.13213E-04  0.37939E-03  0.26628E-03
 0.120000E+03  0.15174E-01  0.33092E-02  0.26127E-03  0.42317E-03  0.95603E-03  0.10648E-03  0.27716E-04  0.10253E-04  0.38898E-03  0.33466E-03
 0.140000E+03  0.47687E-02  0.30506E-02  0.14674E-03  0.23739E-03  0.80135E-03  0.99893E-04  0.32364E-04  0.69768E-05  0.37009E-03  0.39859E-03
 0.160000E+03  0.23361E-01  0.20692E-02  0.63747E-04  0.66806E-03  0.60714E-03  0.99444E-04  0.15245E-04  0.28940E-05  0.32647E-03  0.44041E-03
 0.180000E+03  0.41171E-01  0.13492E-02  0.28977E-04  0.11857E-02  0.55799E-03  0.11026E-03  0.29548E-05  0.72946E-06  0.30668E-03  0.45447E-03
 16.000000 10 10
 0.000000E+00  0.26916E+01  0.15552E-02  0.85512E-03  0.19610E-02  0.11657E-03  0.68637E-04  0.32972E-06  0.23573E-04  0.28422E-03  0.11681E-03
 0.200000E+02  0.80661E+00  0.45972E-02  0.64465E-03  0.64607E-03  0.11414E-02  0.86549E-04  0.70517E-05  0.19594E-04  0.41516E-03  0.26559E-03
 0.400000E+02  0.34007E-01  0.71490E-02  0.55340E-03  0.17897E-03  0.16068E-02  0.23558E-03  0.12548E-04  0.16089E-04  0.67854E-03  0.61489E-03
 0.600000E+02  0.26758E-01  0.26653E-02  0.49688E-03  0.11035E-03  0.47811E-03  0.74778E-04  0.11633E-04  0.12169E-04  0.63473E-03  0.54480E-03
 0.800000E+02  0.24736E-01  0.21287E-02  0.26849E-03  0.72281E-04  0.54719E-03  0.50082E-04  0.12505E-04  0.81113E-05  0.35049E-03  0.30232E-03
 0.100000E+03  0.14530E-01  0.14873E-02  0.20127E-03  0.87675E-04  0.29381E-03  0.50716E-04  0.11994E-04  0.70851E-05  0.26602E-03  0.28994E-03
 0.120000E+03  0.80082E-02  0.13913E-02  0.20589E-03  0.10727E-03  0.35636E-03  0.48535E-04  0.12520E-04  0.87919E-05  0.24501E-03  0.27573E-03
 0.140000E+03  0.71419E-02  0.10385E-02  0.15665E-03  0.67091E-04  0.33324E-03  0.38214E-04  0.14502E-04  0.68447E-05  0.29897E-03  0.33202E-03
 0.160000E+03  0.79304E-02  0.16722E-02  0.51265E-04  0.28014E-03  0.43531E-03  0.87499E-04  0.14951E-04  0.38546E-05  0.13747E-03  0.19364E-03
 0.180000E+03  0.72734E-02  0.61505E-03  0.99654E-05  0.39132E-03  0.82405E-04  0.82214E-04  0.41918E-05  0.25347E-05  0.39730E-04  0.98712E-04
  8.000000 10 10
 0.000000E+00  0.25517E+01  0.59781E-02  0.64772E-03  0.50504E-03  0.13102E-02  0.13588E-03  0.19147E-04  0.13251E-04  0.32167E-03  0.16562E-03
 0.200000E+02  0.15006E+01  0.62161E-02  0.63315E-03  0.36016E-03  0.13010E-02  0.12753E-03  0.20402E-04  0.13038E-04  0.33771E-03  0.18421E-03
 0.400000E+02  0.26064E+00  0.62045E-02  0.59266E-03  0.41074E-03  0.12441E-02  0.12732E-03  0.19099E-04  0.12233E-04  0.40014E-03  0.23191E-03
 0.600000E+02  0.54263E-02  0.38300E-02  0.54527E-03  0.53208E-03  0.81582E-03  0.83100E-04  0.18440E-04  0.12902E-04  0.44437E-03  0.27500E-03
 0.800000E+02  0.10451E-01  0.25449E-02  0.48630E-03  0.28501E-03  0.71629E-03  0.51223E-04  0.18279E-04  0.14338E-04  0.38446E-03  0.30331E-03
 0.100000E+03  0.19329E-01  0.27730E-02  0.40821E-03  0.22237E-03  0.84257E-03  0.85678E-04  0.16430E-04  0.12873E-04  0.34690E-03  0.36587E-03
 0.120000E+03  0.12079E-01  0.29039E-02  0.29957E-03  0.36542E-03  0.85362E-03  0.10815E-03  0.26960E-04  0.10314E-04  0.39405E-03  0.45653E-03
 0.140000E+03  0.39856E-02  0.28058E-02  0.17077E-03  0.24045E-03  0.79776E-03  0.10638E-03  0.30191E-04  0.70257E-05  0.37349E-03  0.49054E-03
 0.160000E+03  0.24216E-01  0.19909E-02  0.70745E-04  0.63611E-03  0.59233E-03  0.95241E-04  0.13127E-04  0.29234E-05  0.26748E-03  0.45780E-03
 0.180000E+03  0.41945E-01  0.11411E-02  0.31098E-04  0.11944E-02  0.44834E-03  0.95893E-04  0.15627E-05  0.10540E-05  0.21416E-03  0.43353E-03
 20.000000 10 10
 0.000000E+00  0.29587E+01  0.46501E-02  0.94691E-03  0.26208E-02  0.42270E-03  0.17131E-03  0.97098E-06  0.33494E-04  0.42881E-03  0.26828E-03
 0.200000E+02  0.58313E+00  0.64611E-02  0.65032E-03  0.45940E-03  0.14381E-02  0.16178E-03  0.57910E-05  0.21712E-04  0.66449E-03  0.42548E-03
 0.400000E+02  0.73559E-01  0.59708E-02  0.54532E-03  0.53336E-04  0.14179E-02  0.22105E-03  0.12296E-04  0.16199E-04  0.85562E-03  0.79377E-03
 0.600000E+02  0.31638E-01  0.25783E-02  0.42753E-03  0.11203E-03  0.47377E-03  0.61446E-04  0.10476E-04  0.11976E-04  0.58086E-03  0.49375E-03
 0.800000E+02  0.31040E-01  0.14630E-02  0.20807E-03  0.53225E-04  0.37696E-03  0.40417E-04  0.94052E-05  0.55781E-05  0.36942E-03  0.32258E-03
 0.100000E+03  0.86782E-02  0.12936E-02  0.16218E-03  0.99546E-04  0.26074E-03  0.46299E-04  0.60772E-05  0.67192E-05  0.22179E-03  0.25658E-03
 0.120000E+03  0.81015E-02  0.86347E-03  0.12954E-03  0.70448E-04  0.24354E-03  0.35503E-04  0.57565E-05  0.53118E-05  0.18693E-03  0.19206E-03
 0.140000E+03  0.26843E-02  0.76344E-03  0.11238E-03  0.62424E-04  0.19328E-03  0.31841E-04  0.69699E-05  0.46719E-05  0.17138E-03  0.23124E-03
 0.160000E+03  0.50458E-02  0.10098E-02  0.35939E-04  0.16249E-03  0.26536E-03  0.58644E-04  0.74963E-05  0.23725E-05  0.98037E-04  0.12703E-03
 0.180000E+03  0.71096E-02  0.15727E-03  0.13885E-04  0.23519E-03  0.32689E-04  0.35694E-04  0.19787E-05  0.12871E-05  0.55621E-04  0.30027E-04
  2.000000 10  2
 0.000000E+00  0.96896E+00  0.16850E-02
 0.200000E+02  0.77235E+00  0.16949E-02
 0.400000E+02  0.36901E+00  0.18090E-02
 0.600000E+02  0.77783E-01  0.21006E-02
 0.800000E+02  0.58265E-03  0.23704E-02
 0.100000E+03  0.25222E-01  0.22615E-02
 0.120000E+03  0.46690E-01  0.16892E-02
 0.140000E+03  0.61104E-01  0.98809E-03
 0.160000E+03  0.87382E-01  0.52976E-03
 0.180000E+03  0.10337E+00  0.39170E-03
  1.300000 10  1
 0.000000E+00  0.60680E+00
 0.200000E+02  0.50663E+00
 0.400000E+02  0.28660E+00
 0.600000E+02  0.97636E-01
 0.800000E+02  0.14660E-01
 0.100000E+03  0.11766E-01
 0.120000E+03  0.41422E-01
 0.140000E+03  0.83964E-01
 0.160000E+03  0.12727E+00
 0.180000E+03  0.14670E+00
  1.000000 10  1
 0.000000E+00  0.46989E+00
 0.200000E+02  0.40470E+00
 0.400000E+02  0.25542E+00
 0.600000E+02  0.11370E+00
 0.800000E+02  0.35876E-01
 0.100000E+03  0.20681E-01
 0.120000E+03  0.44253E-01
 0.140000E+03  0.87251E-01
 0.160000E+03  0.13000E+00
 0.180000E+03  0.14832E+00
  1.500000 10  2
 0.000000E+00  0.70887E+00  0.83118E-03
 0.200000E+02  0.58222E+00  0.83648E-03
 0.400000E+02  0.31034E+00  0.84679E-03
 0.600000E+02  0.90039E-01  0.84751E-03
 0.800000E+02  0.67227E-02  0.82197E-03
 0.100000E+03  0.12333E-01  0.76196E-03
 0.120000E+03  0.42158E-01  0.67547E-03
 0.140000E+03  0.79472E-01  0.58505E-03
 0.160000E+03  0.12008E+00  0.51745E-03
 0.180000E+03  0.13935E+00  0.49256E-03
  3.000000 10  4
 0.000000E+00  0.14448E+01  0.71052E-02  0.13937E-03  0.13809E-04
 0.200000E+02  0.11033E+01  0.63603E-02  0.13435E-03  0.29769E-04
 0.400000E+02  0.45441E+00  0.47211E-02  0.11925E-03  0.76631E-04
 0.600000E+02  0.62529E-01  0.34257E-02  0.95568E-04  0.15292E-03
 0.800000E+02  0.79578E-02  0.31781E-02  0.68195E-04  0.24791E-03
 0.100000E+03  0.50686E-01  0.34468E-02  0.43603E-04  0.33913E-03
 0.120000E+03  0.46605E-01  0.33292E-02  0.25797E-04  0.42927E-03
 0.140000E+03  0.25490E-01  0.29444E-02  0.14834E-04  0.55396E-03
 0.160000E+03  0.34345E-01  0.29124E-02  0.90090E-05  0.70010E-03
 0.180000E+03  0.47311E-01  0.30319E-02  0.71630E-05  0.77009E-03
  4.000000 10  8
 0.000000E+00  0.17668E+01  0.92218E-02  0.30212E-03  0.29850E-03  0.82205E-03  0.78075E-04  0.14727E-04  0.15241E-05
 0.200000E+02  0.12956E+01  0.83370E-02  0.31919E-03  0.32668E-03  0.77921E-03  0.80919E-04  0.14634E-04  0.14896E-05
 0.400000E+02  0.46968E+00  0.61398E-02  0.35249E-03  0.32802E-03  0.68480E-03  0.84084E-04  0.13802E-04  0.13891E-05
 0.600000E+02  0.47439E-01  0.37657E-02  0.36014E-03  0.30272E-03  0.63100E-03  0.88902E-04  0.12023E-04  0.12335E-05
 0.800000E+02  0.14464E-01  0.26538E-02  0.31437E-03  0.43508E-03  0.67411E-03  0.10747E-03  0.10415E-04  0.10452E-05
 0.100000E+03  0.53953E-01  0.30476E-02  0.23284E-03  0.59947E-03  0.72431E-03  0.12835E-03  0.98467E-05  0.85754E-06
 0.120000E+03  0.38176E-01  0.35294E-02  0.15258E-03  0.48674E-03  0.66481E-03  0.12238E-03  0.10118E-04  0.70545E-06
 0.140000E+03  0.10564E-01  0.35233E-02  0.88257E-04  0.40051E-03  0.55142E-03  0.93139E-04  0.10588E-04  0.60855E-06
 0.160000E+03  0.17234E-01  0.37053E-02  0.41958E-04  0.75202E-03  0.50647E-03  0.70962E-04  0.10793E-04  0.56267E-06
 0.180000E+03  0.29780E-01  0.39232E-02  0.24041E-04  0.10433E-02  0.51050E-03  0.65246E-04  0.10797E-04  0.55048E-06
  6.000000 10  9
 0.000000E+00  0.22582E+01  0.81995E-02  0.55921E-03  0.25781E-03  0.98307E-03  0.62874E-04  0.21406E-04  0.60369E-05  0.49716E-03
 0.200000E+02  0.14930E+01  0.75067E-02  0.52794E-03  0.36246E-03  0.10050E-02  0.74982E-04  0.22023E-04  0.66621E-05  0.46098E-03
 0.400000E+02  0.38883E+00  0.60156E-02  0.47912E-03  0.54008E-03  0.96770E-03  0.98610E-04  0.23635E-04  0.87195E-05  0.38388E-03
 0.600000E+02  0.19080E-01  0.38456E-02  0.46508E-03  0.44087E-03  0.78638E-03  0.85695E-04  0.26156E-04  0.11976E-04  0.31968E-03
 0.800000E+02  0.15842E-01  0.23096E-02  0.43179E-03  0.27784E-03  0.72647E-03  0.61375E-04  0.25175E-04  0.14180E-04  0.28919E-03
 0.100000E+03  0.32751E-01  0.26913E-02  0.32807E-03  0.43324E-03  0.88940E-03  0.81642E-04  0.23305E-04  0.13340E-04  0.28449E-03
 0.120000E+03  0.20922E-01  0.34523E-02  0.21216E-03  0.41593E-03  0.96334E-03  0.91420E-04  0.30642E-04  0.10670E-04  0.29509E-03
 0.140000E+03  0.58710E-02  0.31000E-02  0.12408E-03  0.22378E-03  0.77107E-03  0.83870E-04  0.33697E-04  0.72563E-05  0.31270E-03
 0.160000E+03  0.21390E-01  0.22676E-02  0.57429E-04  0.56565E-03  0.59982E-03  0.12437E-03  0.18300E-04  0.33289E-05  0.32994E-03
 0.180000E+03  0.38033E-01  0.18200E-02  0.28670E-04  0.92927E-03  0.58188E-03  0.16173E-03  0.64849E-05  0.13635E-05  0.33764E-03
  5.000000 10  9
 0.000000E+00  0.20288E+01  0.86299E-02  0.36637E-03  0.31375E-03  0.10460E-02  0.70225E-04  0.20109E-04  0.34048E-05  0.11797E-03
 0.200000E+02  0.14174E+01  0.79210E-02  0.36817E-03  0.41419E-03  0.10208E-02  0.83402E-04  0.22351E-04  0.45224E-05  0.12096E-03
 0.400000E+02  0.44219E+00  0.61802E-02  0.38281E-03  0.51191E-03  0.89552E-03  0.95333E-04  0.23809E-04  0.73165E-05  0.12927E-03
 0.600000E+02  0.32603E-01  0.38636E-02  0.39988E-03  0.38581E-03  0.71891E-03  0.77299E-04  0.21326E-04  0.10321E-04  0.14063E-03
 0.800000E+02  0.16626E-01  0.23672E-02  0.36935E-03  0.36644E-03  0.71815E-03  0.71838E-04  0.20727E-04  0.11775E-04  0.15121E-03
 0.100000E+03  0.44990E-01  0.27395E-02  0.28069E-03  0.57789E-03  0.87327E-03  0.10147E-03  0.24562E-04  0.10897E-04  0.15718E-03
 0.120000E+03  0.29019E-01  0.34234E-02  0.18450E-03  0.47247E-03  0.87827E-03  0.10488E-03  0.28661E-04  0.84926E-05  0.15690E-03
 0.140000E+03  0.69482E-02  0.32743E-02  0.10776E-03  0.25505E-03  0.69994E-03  0.88409E-04  0.27480E-04  0.56690E-05  0.15205E-03
 0.160000E+03  0.17766E-01  0.30700E-02  0.50345E-04  0.62281E-03  0.60447E-03  0.11938E-03  0.20702E-04  0.32176E-05  0.14655E-03
 0.180000E+03  0.32113E-01  0.30639E-02  0.27069E-04  0.99314E-03  0.61170E-03  0.15185E-03  0.16471E-04  0.21883E-05  0.14421E-03
  0.200000 10  1
 0.000000E+00  0.28249E+00
 0.200000E+02  0.27533E+00
 0.400000E+02  0.25584E+00
 0.600000E+02  0.22907E+00
 0.800000E+02  0.20120E+00
 0.100000E+03  0.17735E+00
 0.120000E+03  0.16029E+00
 0.140000E+03  0.15020E+00
 0.160000E+03  0.14547E+00
 0.180000E+03  0.14417E+00
  0.100000 10  1
 0.000000E+00  0.29906E+00
 0.200000E+02  0.29543E+00
 0.400000E+02  0.28525E+00
 0.600000E+02  0.27046E+00
 0.800000E+02  0.25363E+00
 0.100000E+03  0.23730E+00
 0.120000E+03  0.22343E+00
 0.140000E+03  0.21318E+00
 0.160000E+03  0.20700E+00
 0.180000E+03  0.20495E+00
  0.400000 10  1
 0.000000E+00  0.29026E+00
 0.200000E+02  0.27422E+00
 0.400000E+02  0.23264E+00
 0.600000E+02  0.18120E+00
 0.800000E+02  0.13608E+00
 0.100000E+03  0.10741E+00
 0.120000E+03  0.97286E-01
 0.140000E+03  0.10082E+00
 0.160000E+03  0.10897E+00
 0.180000E+03  0.11292E+00
  0.070000 10  1
 0.000000E+00  0.31036E+00
 0.200000E+02  0.30774E+00
 0.400000E+02  0.30034E+00
 0.600000E+02  0.28941E+00
 0.800000E+02  0.27665E+00
 0.100000E+03  0.26387E+00
 0.120000E+03  0.25259E+00
 0.140000E+03  0.24393E+00
 0.160000E+03  0.23853E+00
 0.180000E+03  0.23670E+00
  0.700000 10  1
 0.000000E+00  0.35778E+00
 0.200000E+02  0.32146E+00
 0.400000E+02  0.23359E+00
 0.600000E+02  0.13920E+00
 0.800000E+02  0.73926E-01
 0.100000E+03  0.48910E-01
 0.120000E+03  0.58005E-01
 0.140000E+03  0.87367E-01
 0.160000E+03  0.11817E+00
 0.180000E+03  0.13127E+00
  0.040000 10  1
 0.000000E+00  0.32887E+00
 0.200000E+02  0.32729E+00
 0.400000E+02  0.32280E+00
 0.600000E+02  0.31605E+00
 0.800000E+02  0.30799E+00
 0.100000E+03  0.29967E+00
 0.120000E+03  0.29210E+00
 0.140000E+03  0.28611E+00
 0.160000E+03  0.28228E+00
 0.180000E+03  0.28096E+00
  0.020000 10  1
 0.000000E+00  0.35080E+00
 0.200000E+02  0.34996E+00
 0.400000E+02  0.34756E+00
 0.600000E+02  0.34392E+00
 0.800000E+02  0.33951E+00
 0.100000E+03  0.33489E+00
 0.120000E+03  0.33060E+00
 0.140000E+03  0.32715E+00
 0.160000E+03  0.32492E+00
 0.180000E+03  0.32415E+00
  0.010000 10  1
 0.000000E+00  0.36990E+00
 0.200000E+02  0.36946E+00
 0.400000E+02  0.36820E+00
 0.600000E+02  0.36628E+00
 0.800000E+02  0.36393E+00
 0.100000E+03  0.36145E+00
 0.120000E+03  0.35914E+00
 0.140000E+03  0.35726E+00
 0.160000E+03  0.35604E+00
 0.180000E+03  0.35562E+00
  0.001000 10  1
 0.000000E+00  0.40957E+00
 0.200000E+02  0.40952E+00
 0.400000E+02  0.40938E+00
 0.600000E+02  0.40917E+00
 0.800000E+02  0.40892E+00
 0.100000E+03  0.40864E+00
 0.120000E+03  0.40838E+00
 0.140000E+03  0.40817E+00
 0.160000E+03  0.40804E+00
 0.180000E+03  0.40799E+00
  0.005000 10  1
 0.000000E+00  0.38553E+00
 0.200000E+02  0.38530E+00
 0.400000E+02  0.38465E+00
 0.600000E+02  0.38365E+00
 0.800000E+02  0.38243E+00
 0.100000E+03  0.38113E+00
 0.120000E+03  0.37992E+00
 0.140000E+03  0.37893E+00
 0.160000E+03  0.37828E+00
 0.180000E+03  0.37806E+00
