   1.00000E+02   1.79748E+00   1.01553E+00   7.81949E-01   7.73666E-01   4.59391E-03   4.71529E-04   1.70847E-04   1.11511E-03   1.30695E-04   1.29338E-06   1.64996E-05   9.40767E-04   8.42214E-04
   9.50000E+01   1.87222E+00   1.07707E+00   7.95156E-01   7.86063E-01   5.03618E-03   5.18212E-04   1.87202E-04   1.22409E-03   1.44505E-04   1.55395E-06   1.82009E-05   1.03564E-03   9.27689E-04
   1.15000E+02   1.59336E+00   8.46124E-01   7.47239E-01   7.40886E-01   3.53927E-03   3.60290E-04   1.31658E-04   8.54053E-04   9.84424E-05   7.62132E-07   1.25082E-05   7.16421E-04   6.39444E-04
   1.30000E+02   1.42261E+00   7.04098E-01   7.18513E-01   7.13534E-01   2.78690E-03   2.81016E-04   1.03242E-04   6.66858E-04   7.60684E-05   4.63529E-07   9.71976E-06   5.58437E-04   4.96055E-04
   1.50000E+02   1.24384E+00   5.57109E-01   6.86729E-01   6.83012E-01   2.09468E-03   2.08173E-04   7.63889E-05   4.94038E-04   5.60139E-05   2.51441E-07   7.20083E-06   4.15053E-04   3.65478E-04
   1.60000E+02   1.17244E+00   4.99215E-01   6.73228E-01   6.69971E-01   1.84167E-03   1.81617E-04   6.63038E-05   4.30788E-04   4.88296E-05   1.89568E-07   6.29376E-06   3.63241E-04   3.18204E-04
   1.80000E+02   1.05807E+00   4.08326E-01   6.49744E-01   6.47173E-01   1.46369E-03   1.42067E-04   5.08346E-05   3.36301E-04   3.82610E-05   1.13235E-07   4.95464E-06   2.86558E-04   2.48175E-04
   2.00000E+02   9.72801E-01   3.42673E-01   6.30129E-01   6.28024E-01   1.20589E-03   1.15266E-04   3.98862E-05   2.71966E-04   3.11812E-05   7.24112E-08   4.05445E-06   2.34892E-04   2.00989E-04
   9.00000E+01   1.94944E+00   1.14027E+00   8.09167E-01   7.99159E-01   5.53524E-03   5.70903E-04   2.05674E-04   1.34670E-03   1.60273E-04   1.87444E-06   2.01390E-05   1.14309E-03   1.02432E-03
   8.50000E+01   2.02846E+00   1.20406E+00   8.24400E-01   8.13356E-01   6.09963E-03   6.30554E-04   2.26675E-04   1.48494E-03   1.78338E-04   2.27082E-06   2.23532E-05   1.26510E-03   1.13381E-03
   8.00000E+01   2.10782E+00   1.26712E+00   8.40701E-01   8.28483E-01   6.73947E-03   6.98264E-04   2.50742E-04   1.64111E-03   1.99104E-04   2.76478E-06   2.48901E-05   1.40384E-03   1.25804E-03
   7.00000E+01   2.26071E+00   1.38278E+00   8.77936E-01   8.62859E-01   8.29537E-03   8.63666E-04   3.10798E-04   2.01850E-03   2.50788E-04   4.17664E-06   3.11815E-05   1.74196E-03   1.55962E-03
   7.50000E+01   2.18609E+00   1.32752E+00   8.58571E-01   8.45017E-01   7.46686E-03   7.75449E-04   2.78532E-04   1.81796E-03   2.23063E-04   3.38616E-06   2.78096E-05   1.56186E-03   1.39917E-03
   6.50000E+01   2.32900E+00   1.42963E+00   8.99373E-01   8.82559E-01   9.24144E-03   9.64902E-04   3.48478E-04   2.24627E-03   2.82979E-04   5.19660E-06   3.50942E-05   1.94725E-03   1.74201E-03
   5.50000E+01   2.43028E+00   1.48078E+00   9.49502E-01   9.28431E-01   1.15628E-02   1.21614E-03   4.46493E-04   2.79867E-03   3.64277E-04   8.32951E-06   4.49367E-05   2.44578E-03   2.18332E-03
   6.00000E+01   2.38696E+00   1.46393E+00   9.23027E-01   9.04228E-01   1.03237E-02   1.08148E-03   3.92988E-04   2.50505E-03   3.20478E-04   6.53579E-06   3.96449E-05   2.18088E-03   1.94906E-03
   5.00000E+01   2.45399E+00   1.47434E+00   9.79656E-01   9.55992E-01   1.29819E-02   1.37281E-03   5.11630E-04   3.13109E-03   4.15452E-04   1.07924E-05   5.10875E-05   2.74364E-03   2.44607E-03
   4.50000E+01   2.45286E+00   1.43869E+00   1.01417E+00   9.87555E-01   1.46045E-02   1.55658E-03   5.91164E-04   3.50652E-03   4.75004E-04   1.42731E-05   5.82206E-05   3.07278E-03   2.73549E-03
   4.00000E+01   2.42312E+00   1.36869E+00   1.05444E+00   1.02448E+00   1.64539E-02   1.77538E-03   6.90104E-04   3.92932E-03   5.44095E-04   1.93658E-05   6.64768E-05   3.42983E-03   3.05056E-03
   3.00000E+01   2.28963E+00   1.13432E+00   1.15531E+00   1.11703E+00   2.11661E-02   2.37881E-03   9.72387E-04   4.96790E-03   7.13854E-04   4.01121E-05   8.72943E-05   4.20607E-03   3.74454E-03
   3.30000E+01   2.33584E+00   1.21414E+00   1.12170E+00   1.08620E+00   1.95592E-02   2.16656E-03   8.74129E-04   4.61794E-03   6.58379E-04   3.15510E-05   8.02798E-05   3.96986E-03   3.53430E-03
   3.60000E+01   2.37872E+00   1.28746E+00   1.09127E+00   1.05828E+00   1.81399E-02   1.98469E-03   7.88553E-04   4.30647E-03   6.07119E-04   2.53306E-05   7.40057E-05   3.73355E-03   3.32171E-03
   2.30000E+01   2.21390E+00   9.66551E-01   1.24735E+00   1.20134E+00   2.58149E-02   3.05125E-03   1.33624E-03   5.89679E-03   8.70019E-04   7.67173E-05   1.03360E-04   4.64735E-03   4.21979E-03
   2.60000E+01   2.23576E+00   1.02938E+00   1.20637E+00   1.16384E+00   2.37008E-02   2.73662E-03   1.15119E-03   5.49672E-03   8.01670E-04   5.74569E-05   9.72813E-05   4.48557E-03   4.00870E-03
   1.20000E+01   2.72949E+00   1.29589E+00   1.43360E+00   1.36907E+00   3.68856E-02   4.70007E-03   2.96365E-03   8.95404E-03   1.10749E-03   2.39564E-04   1.41073E-04   4.83858E-03   4.69745E-03
   1.40000E+01   2.52233E+00   1.12839E+00   1.39394E+00   1.33403E+00   3.43805E-02   4.30952E-03   2.38791E-03   8.04363E-03   1.04092E-03   1.95633E-04   1.32821E-04   4.80590E-03   4.61012E-03
   1.00000E+01   2.98530E+00   1.52348E+00   1.46182E+00   1.39198E+00   3.98171E-02   5.08879E-03   3.75166E-03   1.01049E-02   1.15982E-03   2.54321E-04   1.49050E-04   4.75357E-03   4.75798E-03
   1.80000E+01   2.27510E+00   9.58856E-01   1.31624E+00   1.26394E+00   2.97366E-02   3.60904E-03   1.70210E-03   6.76132E-03   9.35936E-04   1.22935E-04   1.15715E-04   4.82064E-03   4.49556E-03
   7.00000E+00   3.43343E+00   1.91949E+00   1.51393E+00   1.43799E+00   4.52744E-02   4.89638E-03   4.86215E-03   1.10385E-02   1.09445E-03   2.78206E-04   1.36388E-04   4.97109E-03   3.38971E-03
   1.60000E+01   2.37007E+00   1.01853E+00   1.35154E+00   1.29580E+00   3.19092E-02   3.93027E-03   1.97294E-03   7.32944E-03   9.79617E-04   1.53477E-04   1.24269E-04   4.81206E-03   4.52853E-03
   8.00000E+00   3.28403E+00   1.79016E+00   1.49387E+00   1.41887E+00   4.35837E-02   5.18429E-03   4.58223E-03   1.09488E-02   1.17058E-03   2.57056E-04   1.42894E-04   4.75065E-03   4.37294E-03
   2.00000E+01   2.22787E+00   9.40262E-01   1.28761E+00   1.23803E+00   2.80086E-02   3.36576E-03   1.53547E-03   6.34223E-03   9.10968E-04   1.01499E-04   1.09274E-04   4.77588E-03   4.42666E-03
   2.00000E+00   3.66979E+00   1.61358E+00   2.05620E+00   2.03325E+00   2.29470E-02   0.00000E+00   0.00000E+00   0.00000E+00   0.00000E+00   0.00000E+00   0.00000E+00   0.00000E+00   0.00000E+00
   1.30000E+00   3.53082E+00   1.36816E+00   2.16266E+00   2.16266E+00   0.00000E+00   0.00000E+00   0.00000E+00   0.00000E+00   0.00000E+00   0.00000E+00   0.00000E+00   0.00000E+00   0.00000E+00
   1.00000E+00   3.51529E+00   1.34648E+00   2.16881E+00   2.16881E+00   0.00000E+00   0.00000E+00   0.00000E+00   0.00000E+00   0.00000E+00   0.00000E+00   0.00000E+00   0.00000E+00   0.00000E+00
   1.50000E+00   3.57592E+00   1.42392E+00   2.15200E+00   2.14257E+00   9.43258E-03   0.00000E+00   0.00000E+00   0.00000E+00   0.00000E+00   0.00000E+00   0.00000E+00   0.00000E+00   0.00000E+00
   3.00000E+00   3.77232E+00   1.96201E+00   1.81032E+00   1.76012E+00   4.55569E-02   7.77947E-04   3.86079E-03   0.00000E+00   0.00000E+00   0.00000E+00   0.00000E+00   0.00000E+00   0.00000E+00
   4.00000E+00   3.72439E+00   2.09095E+00   1.63344E+00   1.56532E+00   4.96758E-02   3.06866E-03   5.65832E-03   8.27460E-03   1.28355E-03   1.40906E-04   1.22812E-05   0.00000E+00   0.00000E+00
   6.00000E+00   3.55444E+00   2.02689E+00   1.52754E+00   1.45666E+00   4.54893E-02   4.25469E-03   5.01490E-03   1.05687E-02   1.06674E-03   3.25346E-04   1.32926E-04   4.03585E-03   0.00000E+00
   5.00000E+00   3.65036E+00   2.09676E+00   1.55361E+00   1.48380E+00   4.71978E-02   3.54452E-03   5.61510E-03   1.00458E-02   1.14590E-03   2.99655E-04   1.09160E-04   1.84525E-03   0.00000E+00
   2.00000E-01   5.78047E+00   2.47260E+00   3.30787E+00   3.30787E+00   0.00000E+00   0.00000E+00   0.00000E+00   0.00000E+00   0.00000E+00   0.00000E+00   0.00000E+00   0.00000E+00   0.00000E+00
   1.00000E-01   8.10089E+00   3.11027E+00   4.99061E+00   4.99061E+00   0.00000E+00   0.00000E+00   0.00000E+00   0.00000E+00   0.00000E+00   0.00000E+00   0.00000E+00   0.00000E+00   0.00000E+00
   4.00000E-01   4.25215E+00   1.83834E+00   2.41381E+00   2.41381E+00   0.00000E+00   0.00000E+00   0.00000E+00   0.00000E+00   0.00000E+00   0.00000E+00   0.00000E+00   0.00000E+00   0.00000E+00
   7.00000E-02   9.63975E+00   3.40901E+00   6.23074E+00   6.23074E+00   0.00000E+00   0.00000E+00   0.00000E+00   0.00000E+00   0.00000E+00   0.00000E+00   0.00000E+00   0.00000E+00   0.00000E+00
   7.00000E-01   3.63025E+00   1.45376E+00   2.17648E+00   2.17648E+00   0.00000E+00   0.00000E+00   0.00000E+00   0.00000E+00   0.00000E+00   0.00000E+00   0.00000E+00   0.00000E+00   0.00000E+00
   4.00000E-02   1.26416E+01   3.82232E+00   8.81924E+00   8.81924E+00   0.00000E+00   0.00000E+00   0.00000E+00   0.00000E+00   0.00000E+00   0.00000E+00   0.00000E+00   0.00000E+00   0.00000E+00
   2.00000E-02   1.76580E+01   4.23844E+00   1.34195E+01   1.34195E+01   0.00000E+00   0.00000E+00   0.00000E+00   0.00000E+00   0.00000E+00   0.00000E+00   0.00000E+00   0.00000E+00   0.00000E+00
   1.00000E-02   2.46728E+01   4.55798E+00   2.01148E+01   2.01148E+01   0.00000E+00   0.00000E+00   0.00000E+00   0.00000E+00   0.00000E+00   0.00000E+00   0.00000E+00   0.00000E+00   0.00000E+00
   1.00000E-03   7.59304E+01   5.13687E+00   7.07935E+01   7.07935E+01   0.00000E+00   0.00000E+00   0.00000E+00   0.00000E+00   0.00000E+00   0.00000E+00   0.00000E+00   0.00000E+00   0.00000E+00
   5.00000E-03   3.45298E+01   4.79765E+00   2.97321E+01   2.97321E+01   0.00000E+00   0.00000E+00   0.00000E+00   0.00000E+00   0.00000E+00   0.00000E+00   0.00000E+00   0.00000E+00   0.00000E+00
