 95.000000 10 10
 0.000000E+00  0.00000E+00  0.00000E+00  0.00000E+00  0.00000E+00  0.00000E+00  0.00000E+00  0.00000E+00  0.00000E+00  0.00000E+00  0.00000E+00
 0.200000E+02  0.51071E+00 -0.33957E-01  0.81937E-01 -0.42956E-01 -0.39756E-01 -0.53290E-01 -0.80502E-02  0.11673E+00  0.90371E-01  0.94520E-01
 0.400000E+02  0.88260E+00  0.42968E+00  0.30464E+00 -0.10561E+00  0.23288E+00  0.37723E+00 -0.34790E-01 -0.10674E+00  0.54111E+00  0.43304E+00
 0.600000E+02  0.74329E+00  0.50342E+00  0.36508E-02 -0.25810E+00 -0.46717E-01  0.66325E+00  0.12027E+00  0.26770E+00  0.30922E+00  0.65938E+00
 0.800000E+02  0.63347E+00  0.51623E+00 -0.19367E+00 -0.10304E+00 -0.13283E-02  0.72073E+00  0.24091E+00 -0.10097E+00 -0.19917E+00  0.31619E+00
 0.100000E+03  0.69054E+00  0.85117E+00  0.72307E-01  0.24786E+00  0.25343E+00  0.82903E+00  0.40505E+00  0.13474E+00 -0.62288E+00 -0.18125E+00
 0.120000E+03  0.92490E+00  0.31314E+00  0.46044E+00  0.68483E+00  0.59990E+00  0.44155E+00  0.51284E+00 -0.16124E+00  0.11093E+00 -0.66957E+00
 0.140000E+03  0.87552E+00 -0.17792E+00  0.73906E+00  0.25094E+00 -0.10786E+00  0.50154E+00  0.50833E+00  0.34093E+00 -0.96379E-03  0.31900E+00
 0.160000E+03  0.65393E+00  0.65618E+00 -0.93985E-01 -0.23432E+00  0.81498E-01 -0.42133E+00 -0.17066E+00 -0.63637E+00  0.47297E+00  0.94513E-01
 0.180000E+03 -0.54999E-06 -0.21921E-06  0.32690E-06  0.19334E-06  0.82285E-07  0.30679E-06  0.37684E-06  0.23453E-06  0.11322E-06 -0.18363E-06
100.000000 10 10
 0.000000E+00  0.00000E+00  0.00000E+00  0.00000E+00  0.00000E+00  0.00000E+00  0.00000E+00  0.00000E+00  0.00000E+00  0.00000E+00  0.00000E+00
 0.200000E+02  0.60791E+00 -0.45172E-01  0.82539E-01 -0.51017E-01 -0.53935E-01 -0.65231E-01 -0.32606E-01  0.11609E+00  0.80682E-01  0.83963E-01
 0.400000E+02  0.95503E+00  0.41314E+00  0.40480E+00 -0.20998E+00  0.20670E+00  0.35080E+00 -0.33466E-01 -0.93422E-01  0.62690E+00  0.47155E+00
 0.600000E+02  0.83410E+00  0.41016E+00  0.12078E+00 -0.48642E+00 -0.22163E+00  0.57606E+00  0.13834E+00  0.23129E+00  0.21341E+00  0.61138E+00
 0.800000E+02  0.76764E+00  0.41759E+00 -0.34129E+00 -0.38072E+00 -0.19529E+00  0.60224E+00  0.23853E+00 -0.21239E+00  0.66124E-01  0.53053E+00
 0.100000E+03  0.76412E+00  0.71028E+00 -0.15096E+00  0.42810E-02  0.55371E-01  0.83466E+00  0.42826E+00  0.25143E+00 -0.31966E+00  0.43788E+00
 0.120000E+03  0.88083E+00  0.92179E+00  0.28683E+00  0.46199E+00  0.42703E+00  0.50970E+00  0.55599E+00 -0.14188E+00  0.17941E+00 -0.12525E+00
 0.140000E+03  0.70171E-01 -0.75270E+00  0.64031E+00  0.88546E+00  0.74493E+00  0.35609E+00  0.51163E+00  0.12923E+00  0.55928E-01  0.45642E-01
 0.160000E+03  0.36851E+00  0.38682E+00 -0.41645E+00 -0.62394E+00 -0.31358E+00 -0.11799E+00 -0.16250E+00 -0.60844E+00  0.16214E+00  0.64865E+00
 0.180000E+03 -0.87443E-06 -0.16182E-06  0.22465E-06  0.70060E-07 -0.28704E-07 -0.38927E-06  0.55142E-06 -0.23929E-06  0.27309E-06 -0.41170E-07
115.000000 10 10
 0.000000E+00  0.00000E+00  0.00000E+00  0.00000E+00  0.00000E+00  0.00000E+00  0.00000E+00  0.00000E+00  0.00000E+00  0.00000E+00  0.00000E+00
 0.200000E+02  0.83762E+00 -0.75400E-01  0.74139E-01 -0.83234E-01 -0.91644E-01 -0.97579E-01 -0.98199E-01  0.10309E+00  0.52800E-01  0.55346E-01
 0.400000E+02  0.97711E+00  0.28788E+00  0.59328E+00 -0.75118E+00  0.37537E-01  0.21894E+00 -0.14815E-01 -0.39780E-01  0.80599E+00  0.53903E+00
 0.600000E+02  0.99384E+00  0.19142E+00  0.65236E+00 -0.37363E+00 -0.71041E+00  0.29606E+00  0.26958E+00  0.16266E+00  0.33169E-01  0.30983E+00
 0.800000E+02  0.98731E+00  0.24687E+00  0.56110E+00  0.64854E+00 -0.47026E+00  0.41656E+00  0.35397E+00 -0.25072E+00  0.23706E+00  0.24738E+00
 0.100000E+03  0.93046E+00  0.38805E+00  0.73532E+00  0.46188E+00 -0.12832E+00  0.37522E+00  0.50897E+00  0.11669E+00  0.57395E-01  0.26276E+00
 0.120000E+03  0.98002E+00  0.50989E+00 -0.36480E+00 -0.71894E+00 -0.73868E+00  0.73591E+00  0.60423E+00  0.52279E+00 -0.75675E-01  0.40209E+00
 0.140000E+03  0.22127E+00  0.51176E+00  0.65033E-01  0.11442E+00  0.66969E-01 -0.34706E-01  0.53318E+00 -0.74967E+00  0.44227E+00  0.65836E+00
 0.160000E+03 -0.53830E-01  0.40555E-01  0.45207E+00  0.44915E+00  0.51308E+00  0.16484E+00 -0.99979E-01  0.85594E-01 -0.42199E+00 -0.12586E+00
 0.180000E+03  0.89820E-06  0.56154E-07  0.29633E-06  0.10088E-06 -0.20370E-06 -0.11944E-06  0.41246E-06  0.28946E-06 -0.24685E-06 -0.26779E-06
130.000000 10 10
 0.000000E+00  0.00000E+00  0.00000E+00  0.00000E+00  0.00000E+00  0.00000E+00  0.00000E+00  0.00000E+00  0.00000E+00  0.00000E+00  0.00000E+00
 0.200000E+02  0.82258E+00 -0.99004E-01  0.59892E-01 -0.13443E+00 -0.11814E+00 -0.12244E+00 -0.14931E+00  0.84150E-01  0.27009E-01  0.30868E-01
 0.400000E+02  0.92436E+00  0.46013E-01  0.64411E+00 -0.28001E+00 -0.29542E-01 -0.49194E-01  0.41227E-01 -0.81258E-01  0.86498E+00  0.53349E+00
 0.600000E+02  0.91088E+00  0.32572E-01  0.51594E+00  0.65334E+00  0.58389E+00  0.15379E+00  0.42991E+00 -0.10491E+00  0.18835E+00  0.75241E-01
 0.800000E+02  0.97027E+00  0.35176E+00  0.36270E+00  0.60479E+00  0.49265E+00  0.23493E-01  0.55501E+00 -0.24405E+00 -0.17383E+00 -0.16730E+00
 0.100000E+03  0.94787E+00  0.31495E+00  0.43031E+00  0.67039E+00  0.54319E+00  0.13112E+00  0.65579E+00 -0.24934E+00  0.38306E-01 -0.72092E+00
 0.120000E+03  0.60971E+00 -0.34724E+00  0.49232E+00  0.78803E+00  0.65401E+00  0.30991E+00  0.65426E+00  0.60588E-01  0.78059E+00 -0.26773E+00
 0.140000E+03 -0.32580E+00  0.23401E+00  0.58988E+00 -0.26773E+00  0.96909E-01  0.58399E+00  0.54615E+00  0.44895E+00 -0.34225E+00  0.14737E+00
 0.160000E+03  0.39015E+00  0.59420E+00 -0.46783E+00 -0.32091E+00  0.11388E-01 -0.17807E+00  0.30085E-01 -0.33106E+00  0.21397E+00  0.35524E+00
 0.180000E+03  0.11477E-06 -0.20944E-06  0.31491E-06  0.37860E-07 -0.21086E-06 -0.39555E-06  0.51868E-06  0.75166E-07  0.29223E-06  0.13062E-06
150.000000 10 10
 0.000000E+00  0.00000E+00  0.00000E+00  0.00000E+00  0.00000E+00  0.00000E+00  0.00000E+00  0.00000E+00  0.00000E+00  0.00000E+00  0.00000E+00
 0.200000E+02  0.62826E+00 -0.11539E+00  0.38386E-01 -0.27721E+00 -0.10680E+00 -0.13340E+00 -0.17788E+00  0.56342E-01 -0.44491E-02  0.31014E-02
 0.400000E+02  0.91074E+00 -0.27432E+00  0.61561E+00  0.51669E+00  0.80124E+00 -0.48850E+00  0.16562E+00 -0.24366E+00  0.73041E+00  0.38059E+00
 0.600000E+02  0.78032E+00  0.77534E-01  0.27528E+00  0.35568E+00  0.40542E+00 -0.49548E+00  0.45788E+00 -0.17303E+00  0.56520E+00 -0.30091E+00
 0.800000E+02  0.94086E+00  0.80516E+00  0.83606E-01  0.27644E+00  0.22511E+00  0.48834E+00  0.61180E+00  0.11029E+00 -0.54424E+00  0.21291E+00
 0.100000E+03 -0.23079E+00  0.72915E+00 -0.32618E+00  0.17296E+00  0.66441E-01  0.80540E+00  0.73828E+00  0.51691E+00 -0.52591E-01  0.40854E+00
 0.120000E+03  0.45015E+00  0.58775E+00 -0.26996E+00  0.89101E-01 -0.57949E-02  0.78130E+00  0.72528E+00  0.48661E+00  0.24962E+00  0.52172E+00
 0.140000E+03  0.28830E+00  0.73984E+00  0.28478E-02  0.24556E+00  0.32933E+00 -0.37534E+00  0.60549E+00 -0.46106E+00  0.34646E+00  0.29279E+00
 0.160000E+03  0.87229E+00 -0.26507E+00 -0.20082E+00  0.20477E+00  0.34332E+00  0.31220E+00  0.30446E+00 -0.13604E+00  0.43517E-01  0.16156E+00
 0.180000E+03 -0.48145E-06  0.45817E-06  0.33807E-06  0.42129E-06 -0.44320E-06 -0.38302E-06  0.38161E-06  0.26059E-06 -0.32077E-06 -0.45808E-06
160.000000 10 10
 0.000000E+00  0.00000E+00  0.00000E+00  0.00000E+00  0.00000E+00  0.00000E+00  0.00000E+00  0.00000E+00  0.00000E+00  0.00000E+00  0.00000E+00
 0.200000E+02  0.59740E+00 -0.12040E+00  0.28651E-01 -0.43169E+00 -0.60954E-01 -0.12936E+00 -0.16508E+00  0.43627E-01 -0.18910E-01 -0.90018E-02
 0.400000E+02  0.90627E+00 -0.39468E+00  0.55927E+00  0.43185E+00  0.85872E+00 -0.62409E+00  0.23411E+00 -0.22028E+00  0.56977E+00  0.26759E+00
 0.600000E+02  0.74156E+00  0.61788E+00  0.19584E+00  0.25304E+00  0.30039E+00 -0.59594E+00  0.45553E+00 -0.20813E+00  0.82520E+00 -0.43155E+00
 0.800000E+02  0.96622E+00  0.74973E+00 -0.55284E+00 -0.69997E-02 -0.94371E-01  0.36358E+00  0.63536E+00  0.14861E+00 -0.48426E+00  0.23439E+00
 0.100000E+03 -0.88481E+00  0.59800E+00  0.42686E+00 -0.30740E+00 -0.59072E+00  0.55886E+00  0.76481E+00  0.37723E+00 -0.48778E+00  0.31260E+00
 0.120000E+03  0.47181E+00  0.26484E+00  0.50992E+00 -0.89267E+00 -0.32256E+00  0.65244E+00  0.75065E+00  0.50591E+00 -0.63340E-01  0.35381E+00
 0.140000E+03  0.13047E+00 -0.42563E-01 -0.57197E+00 -0.46340E+00 -0.54029E+00  0.16343E+00  0.64847E+00  0.39369E-01  0.20864E+00  0.50201E+00
 0.160000E+03 -0.46141E+00  0.58193E+00  0.23696E+00  0.11628E+00 -0.52078E+00 -0.22644E+00  0.46810E+00  0.77243E-01  0.15562E+00 -0.68119E-01
 0.180000E+03  0.21519E-06 -0.13778E-06 -0.55161E-06 -0.18547E-06  0.27349E-06  0.11141E-06  0.27546E-06 -0.27394E-06 -0.29925E-06  0.83723E-07
180.000000 10 10
 0.000000E+00  0.00000E+00  0.00000E+00  0.00000E+00  0.00000E+00  0.00000E+00  0.00000E+00  0.00000E+00  0.00000E+00  0.00000E+00  0.00000E+00
 0.200000E+02  0.67764E+00 -0.13818E+00  0.10288E-01 -0.98334E+00  0.20474E+00 -0.10301E+00 -0.88046E-01  0.19297E-01 -0.44885E-01 -0.29744E-01
 0.400000E+02  0.85387E+00 -0.57947E+00  0.40390E+00  0.29450E+00  0.70113E+00 -0.73748E+00  0.35264E+00  0.13234E+00  0.22437E+00  0.12599E-01
 0.600000E+02  0.61089E+00  0.76636E+00 -0.13694E+00 -0.57124E-01  0.64784E-01 -0.39371E+00  0.52629E+00 -0.31509E+00  0.25540E+00  0.24749E+00
 0.800000E+02  0.93519E+00  0.67002E+00  0.35829E+00  0.62686E+00  0.34384E+00  0.15254E+00  0.77768E+00  0.22003E-01  0.29005E+00  0.85799E-01
 0.100000E+03 -0.84796E-01 -0.41537E-01  0.46667E+00  0.64743E+00  0.55344E+00  0.23836E+00  0.83556E+00 -0.18405E-01  0.56199E+00 -0.82419E+00
 0.120000E+03  0.94732E+00  0.34878E+00  0.42742E+00  0.59722E+00  0.44289E+00  0.76151E-01  0.80850E+00  0.27384E-01  0.41463E+00 -0.30059E+00
 0.140000E+03 -0.28117E+00 -0.52236E-01  0.36147E+00  0.47083E+00  0.18967E+00 -0.37388E-01  0.76290E+00  0.12208E+00  0.23545E+00 -0.35277E+00
 0.160000E+03  0.25017E+00  0.31088E+00  0.62677E-01  0.92673E-01  0.22428E+00  0.10496E+00  0.60283E+00  0.10802E+00 -0.52272E+00 -0.55599E+00
 0.180000E+03 -0.18305E-06 -0.13398E-06  0.39985E-07 -0.20729E-08  0.67186E-07  0.72430E-06  0.44591E-07 -0.29789E-06  0.19344E-06  0.36541E-06
200.000000 10 10
 0.000000E+00  0.00000E+00  0.00000E+00  0.00000E+00  0.00000E+00  0.00000E+00  0.00000E+00  0.00000E+00  0.00000E+00  0.00000E+00  0.00000E+00
 0.200000E+02  0.83443E+00 -0.24351E+00 -0.58458E-02 -0.36510E+00  0.58014E+00 -0.12895E+00 -0.10532E-01 -0.25044E-02 -0.68842E-01 -0.47761E-01
 0.400000E+02  0.72167E+00 -0.37517E+00  0.24612E+00  0.19700E+00  0.55101E+00 -0.71509E+00  0.42653E+00  0.70486E+00 -0.31329E-01 -0.34021E+00
 0.600000E+02  0.69508E+00  0.71813E+00  0.24065E+00  0.32613E+00 -0.53240E+00 -0.24337E+00  0.70594E+00 -0.36782E+00  0.43485E-01  0.20967E+00
 0.800000E+02  0.84837E+00  0.35935E+00  0.35954E+00  0.54363E+00  0.39702E+00 -0.19218E+00  0.84836E+00 -0.86520E+00  0.10604E+00  0.97414E-01
 0.100000E+03  0.24367E+00  0.36397E+00 -0.10221E-01  0.40097E+00  0.23116E+00  0.52241E+00  0.85173E+00  0.38374E+00  0.25792E+00  0.51139E+00
 0.120000E+03  0.29419E+00 -0.16254E+00  0.13821E+00 -0.42909E+00 -0.84927E+00  0.49452E+00  0.83475E+00  0.40394E+00  0.56645E-01  0.31088E+00
 0.140000E+03 -0.16647E+00  0.16719E-01  0.31037E+00 -0.23012E+00 -0.31684E+00  0.26116E+00  0.79369E+00  0.20541E+00 -0.54995E-01  0.16024E+00
 0.160000E+03  0.52756E+00 -0.15797E+00 -0.15840E+00 -0.33050E-02 -0.19961E-01  0.16970E+00  0.58384E+00 -0.24599E+00  0.30597E+00  0.26641E+00
 0.180000E+03 -0.79387E-07 -0.32620E-06  0.39983E-06  0.65487E-06 -0.53460E-06 -0.74078E-06 -0.25672E-07  0.40445E-06  0.22335E-06 -0.78958E-07
 90.000000 10 10
 0.000000E+00  0.00000E+00  0.00000E+00  0.00000E+00  0.00000E+00  0.00000E+00  0.00000E+00  0.00000E+00  0.00000E+00  0.00000E+00  0.00000E+00
 0.200000E+02  0.41536E+00 -0.22049E-01  0.77638E-01 -0.35852E-01 -0.24600E-01 -0.40566E-01  0.17896E-01  0.11303E+00  0.99425E-01  0.10492E+00
 0.400000E+02  0.77977E+00  0.43373E+00  0.19329E+00 -0.24445E-01  0.24751E+00  0.39556E+00 -0.36965E-01 -0.11504E+00  0.44862E+00  0.38744E+00
 0.600000E+02  0.66200E+00  0.59285E+00 -0.37451E-01 -0.76878E-01  0.10828E+00  0.73124E+00  0.10811E+00  0.32218E+00  0.34784E+00  0.65420E+00
 0.800000E+02  0.54683E+00  0.63631E+00 -0.60530E-01  0.11055E+00  0.17134E+00  0.84833E+00  0.25660E+00  0.28803E-01 -0.15199E+00 -0.15316E+00
 0.100000E+03  0.69040E+00  0.80735E+00  0.24191E+00  0.45451E+00  0.42782E+00  0.83045E+00  0.36732E+00  0.11425E+00 -0.32080E+00 -0.64856E+00
 0.120000E+03  0.97733E+00 -0.36003E+00  0.61261E+00  0.89727E+00  0.75908E+00  0.50350E+00  0.45415E+00 -0.30332E-01 -0.45246E-01  0.19872E-01
 0.140000E+03  0.82034E+00  0.43977E+00 -0.36304E+00 -0.96061E+00 -0.81127E+00  0.58544E+00  0.50775E+00  0.58640E+00  0.11304E+00  0.48600E+00
 0.160000E+03  0.55345E+00  0.68388E+00  0.23015E+00  0.39450E+00  0.47817E+00 -0.29089E+00 -0.17262E+00 -0.27888E+00  0.73918E+00 -0.90417E+00
 0.180000E+03  0.23864E-06 -0.64146E-06 -0.26744E-07  0.28437E-06  0.12410E-06  0.93261E-06  0.32683E-06  0.10899E-06 -0.25767E-06  0.43039E-07
 85.000000 10 10
 0.000000E+00  0.00000E+00  0.00000E+00  0.00000E+00  0.00000E+00  0.00000E+00  0.00000E+00  0.00000E+00  0.00000E+00  0.00000E+00  0.00000E+00
 0.200000E+02  0.32532E+00 -0.10631E-01  0.69985E-01 -0.29873E-01 -0.93702E-02 -0.28292E-01  0.45369E-01  0.10565E+00  0.10895E+00  0.11613E+00
 0.400000E+02  0.66305E+00  0.42979E+00  0.89048E-01  0.40321E-01  0.25648E+00  0.41130E+00 -0.45062E-01 -0.11431E+00  0.34788E+00  0.32955E+00
 0.600000E+02  0.61127E+00  0.65518E+00 -0.15813E-01  0.75709E-01  0.23155E+00  0.76479E+00  0.97017E-01  0.37435E+00  0.33786E+00  0.61574E+00
 0.800000E+02  0.53961E+00  0.71704E+00  0.64552E-01  0.30191E+00  0.35097E+00  0.88597E+00  0.27956E+00  0.15486E+00 -0.87627E-01 -0.32314E+00
 0.100000E+03  0.77168E+00  0.26127E-01  0.38339E+00  0.66794E+00  0.60793E+00  0.84409E+00  0.30700E+00  0.19560E+00 -0.31595E-01 -0.28999E+00
 0.120000E+03  0.98827E+00 -0.11361E+00  0.80355E+00  0.90020E+00  0.45481E+00  0.57242E+00  0.39030E+00  0.10430E+00  0.50843E+00  0.29967E+00
 0.140000E+03  0.65866E+00  0.74800E+00 -0.44542E+00 -0.46036E+00 -0.12039E+00  0.63040E+00  0.50431E+00  0.83490E+00  0.26503E+00  0.64748E+00
 0.160000E+03  0.54753E+00 -0.18719E+00  0.56164E+00  0.90273E+00  0.81793E+00 -0.94670E-01 -0.17171E+00  0.10821E-01  0.24882E-01 -0.22606E+00
 0.180000E+03  0.17565E-06 -0.32374E-06 -0.97406E-07  0.60513E-07 -0.18123E-06  0.69388E-06  0.28649E-06  0.44143E-07 -0.55858E-06  0.52684E-06
 80.000000 10 10
 0.000000E+00  0.00000E+00  0.00000E+00  0.00000E+00  0.00000E+00  0.00000E+00  0.00000E+00  0.00000E+00  0.00000E+00  0.00000E+00  0.00000E+00
 0.200000E+02  0.24255E+00  0.26480E-03  0.56861E-01 -0.24905E-01  0.61432E-02 -0.16287E-01  0.74373E-01  0.91697E-01  0.11749E+00  0.12687E+00
 0.400000E+02  0.54853E+00  0.41627E+00  0.21831E-02  0.92455E-01  0.25984E+00  0.42193E+00 -0.66758E-01 -0.10740E+00  0.24663E+00  0.26282E+00
 0.600000E+02  0.58539E+00  0.68488E+00  0.36580E-01  0.20918E+00  0.32077E+00  0.77763E+00  0.82319E-01  0.41395E+00  0.29980E+00  0.53601E+00
 0.800000E+02  0.61627E+00  0.60749E+00  0.19322E+00  0.49025E+00  0.52102E+00  0.76780E+00  0.30074E+00  0.29458E+00  0.78547E-02 -0.26160E+00
 0.100000E+03  0.88566E+00 -0.36823E+00  0.53143E+00  0.88431E+00  0.69823E+00  0.63482E+00  0.22782E+00  0.21820E+00  0.17231E+00  0.14003E-01
 0.120000E+03  0.91046E+00  0.18815E+00  0.48417E+00 -0.31572E+00 -0.95085E+00  0.63441E+00  0.33241E+00  0.18359E+00  0.62063E+00  0.47534E+00
 0.140000E+03  0.45672E+00  0.95120E+00  0.17824E-01  0.10196E+00  0.26393E+00  0.65761E+00  0.49194E+00  0.64189E+00  0.37983E+00  0.45597E+00
 0.160000E+03  0.86308E+00 -0.70224E+00  0.69400E+00  0.58854E+00  0.17411E+00  0.46556E-01 -0.17183E+00  0.30217E+00  0.48588E-01  0.27734E+00
 0.180000E+03 -0.20847E-06  0.18435E-06 -0.19579E-06 -0.76282E-06 -0.27232E-06  0.83573E-07  0.25087E-06  0.13587E-07  0.25377E-06  0.33617E-07
 75.000000 10 10
 0.000000E+00  0.00000E+00  0.00000E+00  0.00000E+00  0.00000E+00  0.00000E+00  0.00000E+00  0.00000E+00  0.00000E+00  0.00000E+00  0.00000E+00
 0.200000E+02  0.16728E+00  0.95123E-02  0.38406E-01 -0.20853E-01  0.21339E-01 -0.55506E-02  0.10493E+00  0.71591E-01  0.12623E+00  0.13809E+00
 0.400000E+02  0.44567E+00  0.39374E+00 -0.55458E-01  0.13521E+00  0.25891E+00  0.42875E+00 -0.11269E+00 -0.93670E-01  0.14715E+00  0.18614E+00
 0.600000E+02  0.57844E+00  0.68163E+00  0.85443E-01  0.32713E+00  0.37686E+00  0.76842E+00  0.61232E-01  0.42524E+00  0.25536E+00  0.42470E+00
 0.800000E+02  0.72400E+00  0.34385E+00  0.31286E+00  0.67957E+00  0.64650E+00  0.55109E+00  0.30621E+00  0.40643E+00  0.16104E+00 -0.10800E+00
 0.100000E+03  0.96967E+00 -0.26757E+00  0.63829E+00  0.92886E+00  0.17152E+00  0.39037E+00  0.15261E+00  0.15813E+00  0.42026E+00  0.26416E+00
 0.120000E+03  0.76678E+00  0.40550E+00 -0.59307E+00 -0.78289E+00 -0.49303E+00  0.70846E+00  0.28346E+00  0.24327E+00  0.35401E+00  0.59742E+00
 0.140000E+03  0.42604E+00  0.67884E+00  0.35463E+00  0.52669E+00  0.55431E+00  0.69032E+00  0.46659E+00  0.14892E+00  0.53878E+00 -0.81713E+00
 0.160000E+03  0.82465E+00 -0.13083E-01 -0.43450E+00 -0.83063E+00 -0.91856E+00  0.15858E+00 -0.18000E+00  0.56073E+00  0.28211E+00  0.62557E+00
 0.180000E+03  0.24856E-07  0.64793E-06 -0.25247E-06 -0.16190E-07  0.54652E-07 -0.13817E-06  0.21795E-06 -0.99355E-07 -0.48526E-07 -0.13732E-06
 70.000000 10 10
 0.000000E+00  0.00000E+00  0.00000E+00  0.00000E+00  0.00000E+00  0.00000E+00  0.00000E+00  0.00000E+00  0.00000E+00  0.00000E+00  0.00000E+00
 0.200000E+02  0.99292E-01  0.15910E-01  0.13522E-01 -0.17879E-01  0.35600E-01  0.31091E-02  0.13710E+00  0.43481E-01  0.13370E+00  0.14832E+00
 0.400000E+02  0.35807E+00  0.36357E+00 -0.86145E-01  0.17055E+00  0.25476E+00  0.43131E+00 -0.18779E+00 -0.75283E-01  0.55878E-01  0.10635E+00
 0.600000E+02  0.57961E+00  0.64554E+00  0.11775E+00  0.43515E+00  0.40632E+00  0.73227E+00  0.33547E-01  0.41471E+00  0.22910E+00  0.30833E+00
 0.800000E+02  0.82589E+00  0.15616E+00  0.40414E+00  0.85120E+00  0.67673E+00  0.30192E+00  0.28053E+00  0.42312E+00  0.37178E+00  0.10353E+00
 0.100000E+03  0.98348E+00 -0.10621E+00  0.48897E+00  0.11709E+00 -0.53075E+00  0.36410E+00  0.11255E+00  0.15272E+00  0.68531E+00  0.51263E+00
 0.120000E+03  0.58256E+00  0.63586E+00 -0.26818E+00 -0.25741E+00 -0.50008E-01  0.80022E+00  0.23478E+00  0.32074E+00 -0.21068E+00  0.24157E+00
 0.140000E+03  0.77630E+00 -0.41139E+00  0.65042E+00  0.88851E+00  0.76712E+00  0.68298E+00  0.43176E+00  0.20769E+00  0.74493E+00 -0.62657E-01
 0.160000E+03  0.67866E+00  0.59148E+00 -0.55684E+00 -0.83048E+00 -0.22600E+00  0.29543E+00 -0.20331E+00  0.65427E+00  0.53944E+00  0.85285E+00
 0.180000E+03 -0.10001E-06  0.25925E-07  0.37696E-06  0.35657E-06  0.55449E-06 -0.17375E-06  0.18620E-06 -0.23134E-06 -0.25111E-06 -0.24472E-06
 65.000000 10 10
 0.000000E+00  0.00000E+00  0.00000E+00  0.00000E+00  0.00000E+00  0.00000E+00  0.00000E+00  0.00000E+00  0.00000E+00  0.00000E+00  0.00000E+00
 0.200000E+02  0.37636E-01  0.17867E-01 -0.16752E-01 -0.15521E-01  0.48144E-01  0.85379E-02  0.17100E+00  0.85933E-02  0.14107E+00  0.15832E+00
 0.400000E+02  0.28565E+00  0.32436E+00 -0.94557E-01  0.19907E+00  0.24598E+00  0.42730E+00 -0.26807E+00 -0.53664E-01 -0.20989E-01  0.31955E-01
 0.600000E+02  0.58108E+00  0.57829E+00  0.13966E+00  0.54111E+00  0.41776E+00  0.65079E+00  0.24192E-02  0.39204E+00  0.21401E+00  0.22747E+00
 0.800000E+02  0.90059E+00  0.11176E+00  0.44583E+00  0.95250E+00  0.58678E+00  0.13621E+00  0.21518E+00  0.39107E+00  0.55166E+00  0.29471E+00
 0.100000E+03  0.92599E+00  0.11284E+00  0.18082E+00 -0.87775E+00 -0.48815E+00  0.54711E+00  0.12147E+00  0.26762E+00  0.58721E+00  0.64114E+00
 0.120000E+03  0.45838E+00  0.82664E+00  0.73486E-01  0.21701E+00  0.27878E+00  0.83399E+00  0.16936E+00  0.38130E+00 -0.17028E+00 -0.62683E+00
 0.140000E+03  0.96349E+00 -0.33164E+00  0.83868E+00  0.91223E+00  0.31381E+00  0.59053E+00  0.39840E+00  0.31031E+00  0.76585E+00  0.38283E+00
 0.160000E+03  0.52365E+00  0.92569E+00  0.53808E-02 -0.23895E+00  0.33002E+00  0.43551E+00 -0.24587E+00  0.50371E+00  0.76760E+00  0.31190E+00
 0.180000E+03 -0.73499E-07 -0.48929E-06  0.27233E-06  0.41754E-06 -0.85067E-07 -0.25933E-06  0.15479E-06 -0.27857E-06 -0.24043E-06 -0.24324E-06
 60.000000 10 10
 0.000000E+00  0.00000E+00  0.00000E+00  0.00000E+00  0.00000E+00  0.00000E+00  0.00000E+00  0.00000E+00  0.00000E+00  0.00000E+00  0.00000E+00
 0.200000E+02 -0.18123E-01  0.12978E-01 -0.51226E-01 -0.13603E-01  0.57374E-01  0.90185E-02  0.20648E+00 -0.32495E-01  0.14738E+00  0.16669E+00
 0.400000E+02  0.22510E+00  0.27823E+00 -0.89417E-01  0.22018E+00  0.23329E+00  0.41526E+00 -0.29922E+00 -0.30401E-01 -0.78349E-01 -0.25907E-01
 0.600000E+02  0.58104E+00  0.46907E+00  0.14957E+00  0.65348E+00  0.40520E+00  0.48513E+00 -0.25442E-01  0.35679E+00  0.20763E+00  0.18751E+00
 0.800000E+02  0.94459E+00  0.16841E+00  0.46783E+00  0.71555E+00  0.35479E+00  0.14580E+00  0.11791E+00  0.35224E+00  0.62934E+00  0.40046E+00
 0.100000E+03  0.81776E+00  0.41860E+00  0.70534E-01 -0.55922E+00 -0.12392E+00  0.75112E+00  0.16267E+00  0.42268E+00  0.38908E+00  0.53978E+00
 0.120000E+03  0.55693E+00  0.54129E+00  0.35924E+00  0.62369E+00  0.55536E+00  0.77240E+00  0.73659E-01  0.42405E+00  0.71616E-01 -0.37379E+00
 0.140000E+03  0.89216E+00  0.90934E-02  0.19088E+00 -0.28814E+00 -0.91666E+00  0.56317E+00  0.37419E+00  0.37297E+00  0.58282E+00  0.65199E+00
 0.160000E+03  0.44253E+00  0.30883E+00  0.46023E+00  0.38017E+00  0.75714E+00  0.48912E+00 -0.30770E+00  0.48136E+00  0.81728E+00 -0.34273E+00
 0.180000E+03  0.32553E-07 -0.43399E-06 -0.73882E-07  0.10113E-06 -0.25423E-06 -0.33136E-06  0.12313E-06 -0.19407E-06 -0.22954E-06 -0.20220E-06
 55.000000 10 10
 0.000000E+00  0.00000E+00  0.00000E+00  0.00000E+00  0.00000E+00  0.00000E+00  0.00000E+00  0.00000E+00  0.00000E+00  0.00000E+00  0.00000E+00
 0.200000E+02 -0.69094E-01 -0.12072E-02 -0.87002E-01 -0.11400E-01  0.61367E-01  0.27068E-02  0.24289E+00 -0.76801E-01  0.15344E+00  0.17354E+00
 0.400000E+02  0.17434E+00  0.22358E+00 -0.78738E-01  0.22976E+00  0.21393E+00  0.38802E+00 -0.26176E+00 -0.79853E-02 -0.11119E+00 -0.57687E-01
 0.600000E+02  0.57724E+00  0.32618E+00  0.15296E+00  0.75311E+00  0.35521E+00  0.25193E+00 -0.40795E-01  0.31269E+00  0.20134E+00  0.16733E+00
 0.800000E+02  0.96014E+00  0.24707E+00  0.46872E+00 -0.26563E+00  0.12879E+00  0.23927E+00  0.98687E-02  0.31101E+00  0.63519E+00  0.43514E+00
 0.100000E+03  0.70358E+00  0.67364E+00  0.14411E+00 -0.31554E-03  0.22932E+00  0.83882E+00  0.20389E+00  0.54217E+00  0.33254E+00  0.40720E+00
 0.120000E+03  0.81476E+00  0.16191E+00  0.58383E+00  0.91253E+00  0.66521E+00  0.66316E+00 -0.20274E-01  0.45586E+00  0.52991E+00  0.16933E+00
 0.140000E+03  0.72935E+00  0.38179E+00 -0.46330E+00 -0.85498E+00 -0.33427E+00  0.65143E+00  0.34622E+00  0.48624E+00  0.19673E+00  0.59599E+00
 0.160000E+03  0.62666E+00 -0.42147E+00  0.79650E+00  0.86897E+00  0.84352E+00  0.28880E+00 -0.38770E+00  0.59251E+00  0.83438E+00  0.39613E+00
 0.180000E+03  0.20624E-08 -0.21240E-07 -0.19652E-06 -0.22505E-06 -0.25777E-06 -0.33080E-06  0.76101E-07 -0.22676E-06 -0.26436E-06 -0.53303E-06
 50.000000 10 10
 0.000000E+00  0.00000E+00  0.00000E+00  0.00000E+00  0.00000E+00  0.00000E+00  0.00000E+00  0.00000E+00  0.00000E+00  0.00000E+00  0.00000E+00
 0.200000E+02 -0.11603E+00 -0.26060E-01 -0.12091E+00 -0.65315E-02  0.58201E-01 -0.11386E-01  0.27930E+00 -0.12078E+00  0.16033E+00  0.17927E+00
 0.400000E+02  0.13090E+00  0.15754E+00 -0.70953E-01  0.21706E+00  0.18197E+00  0.33024E+00 -0.18772E+00  0.92466E-02 -0.11696E+00 -0.59815E-01
 0.600000E+02  0.56676E+00  0.17858E+00  0.14650E+00  0.64928E+00  0.24225E+00  0.65247E-01 -0.28989E-01  0.25436E+00  0.19508E+00  0.15529E+00
 0.800000E+02  0.92804E+00  0.29167E+00  0.42433E+00 -0.37549E+00  0.10636E+00  0.31356E+00 -0.90398E-01  0.27669E+00  0.59724E+00  0.42826E+00
 0.100000E+03  0.65219E+00  0.79233E+00  0.25987E+00  0.38186E+00  0.42853E+00  0.87570E+00  0.22069E+00  0.55091E+00  0.37922E+00  0.37944E+00
 0.120000E+03  0.96819E+00  0.13765E+00  0.64321E+00  0.97834E+00  0.51785E+00  0.58575E+00 -0.36673E-03  0.47089E+00  0.84097E+00  0.59124E+00
 0.140000E+03  0.52977E+00  0.72777E+00 -0.61414E-01 -0.25889E+00  0.17153E+00  0.73553E+00  0.24751E+00  0.56462E+00  0.54947E-01 -0.84826E-01
 0.160000E+03  0.97124E+00 -0.99876E-01  0.47908E+00  0.40467E+00 -0.85827E-01  0.14228E+00 -0.48330E+00  0.70951E+00  0.74215E+00  0.84706E+00
 0.180000E+03  0.42972E-07  0.15280E-06 -0.30258E-06 -0.86541E-06 -0.34168E-06 -0.23555E-06  0.23469E-08 -0.22147E-06 -0.22145E-06 -0.34901E-06
 45.000000 10 10
 0.000000E+00  0.00000E+00  0.00000E+00  0.00000E+00  0.00000E+00  0.00000E+00  0.00000E+00  0.00000E+00  0.00000E+00  0.00000E+00  0.00000E+00
 0.200000E+02 -0.15849E+00 -0.62517E-01 -0.14991E+00  0.60226E-02  0.44461E-01 -0.34576E-01  0.31500E+00 -0.16190E+00  0.16794E+00  0.18288E+00
 0.400000E+02  0.91412E-01  0.78966E-01 -0.69580E-01  0.16339E+00  0.12886E+00  0.22415E+00 -0.10980E+00  0.18987E-01 -0.10109E+00 -0.40123E-01
 0.600000E+02  0.54460E+00  0.70386E-01  0.12589E+00  0.10029E+00  0.10061E+00 -0.36547E-03  0.29740E-01  0.17483E+00  0.18426E+00  0.14231E+00
 0.800000E+02  0.78952E+00  0.30475E+00  0.26094E+00 -0.12047E+00  0.13888E+00  0.36055E+00 -0.17199E+00  0.25200E+00  0.50557E+00  0.38463E+00
 0.100000E+03  0.67843E+00  0.80810E+00  0.30441E+00  0.62342E+00  0.50615E+00  0.88407E+00  0.19808E+00  0.48953E+00  0.42844E+00  0.38721E+00
 0.120000E+03  0.99020E+00  0.31520E+00  0.57988E+00  0.60989E+00  0.36385E+00  0.53144E+00  0.14384E+00  0.53924E+00  0.77395E+00  0.69828E+00
 0.140000E+03  0.45694E+00  0.79310E+00  0.33986E+00  0.46971E+00  0.48885E+00  0.78049E+00 -0.81268E-01  0.56284E+00  0.27663E+00 -0.11813E-01
 0.160000E+03  0.95499E+00  0.29646E+00 -0.57496E+00 -0.56563E+00  0.31015E-01  0.33118E+00 -0.55294E+00  0.73108E+00  0.35999E+00  0.81662E+00
 0.180000E+03  0.89636E-08 -0.51693E-07  0.97112E-06  0.56539E-06 -0.66384E-06 -0.22912E-07 -0.64219E-07 -0.24703E-06 -0.14090E-06 -0.28850E-06
 40.000000 10 10
 0.000000E+00  0.00000E+00  0.00000E+00  0.00000E+00  0.00000E+00  0.00000E+00  0.00000E+00  0.00000E+00  0.00000E+00  0.00000E+00  0.00000E+00
 0.200000E+02 -0.19478E+00 -0.10778E+00 -0.17084E+00  0.43527E-01  0.18258E-01 -0.65490E-01  0.34767E+00 -0.19703E+00  0.17728E+00  0.18498E+00
 0.400000E+02  0.53650E-01 -0.13511E-01 -0.79438E-01  0.38843E-01  0.35010E-01  0.73169E-01 -0.37272E-01  0.16326E-01 -0.70753E-01 -0.10035E-01
 0.600000E+02  0.49551E+00  0.12222E-01  0.77666E-01 -0.23541E+00  0.28548E-01  0.12108E-01  0.10849E+00  0.70162E-01  0.16964E+00  0.12549E+00
 0.800000E+02  0.51565E+00  0.29392E+00  0.82435E-01  0.32931E-01  0.15491E+00  0.38807E+00 -0.20392E+00  0.23832E+00  0.33297E+00  0.28316E+00
 0.100000E+03  0.70847E+00  0.69464E+00  0.31529E+00  0.78505E+00  0.50216E+00  0.63353E+00  0.12362E+00  0.41774E+00  0.42801E+00  0.35269E+00
 0.120000E+03  0.95930E+00  0.52601E+00  0.53438E+00  0.60722E-01  0.37762E+00  0.58696E+00  0.27864E+00  0.57814E+00  0.67571E+00  0.62397E+00
 0.140000E+03  0.73984E+00  0.67461E+00  0.54806E+00  0.89032E+00  0.59154E+00  0.83086E+00 -0.19525E+00  0.46349E+00  0.62460E+00  0.47669E+00
 0.160000E+03  0.75923E+00  0.43511E+00 -0.26901E-01 -0.37143E+00  0.53254E+00  0.45017E+00 -0.31999E+00  0.69886E+00 -0.49249E-01  0.13971E+00
 0.180000E+03 -0.14377E-07 -0.11450E-07  0.14233E-06  0.36228E-06 -0.24252E-06 -0.33108E-07 -0.48509E-07 -0.24787E-06  0.10680E-06 -0.96562E-07
 30.000000 10 10
 0.000000E+00  0.00000E+00  0.00000E+00  0.00000E+00  0.00000E+00  0.00000E+00  0.00000E+00  0.00000E+00  0.00000E+00  0.00000E+00  0.00000E+00
 0.200000E+02 -0.20962E+00 -0.19704E+00 -0.17972E+00  0.15602E+00 -0.66142E-01 -0.13935E+00  0.39049E+00 -0.22525E+00  0.19344E+00  0.17133E+00
 0.400000E+02 -0.29903E-01 -0.16387E+00 -0.13926E+00 -0.44675E+00 -0.18920E+00 -0.67130E-01  0.71173E-01 -0.47547E-01 -0.90702E-02  0.30150E-01
 0.600000E+02  0.17625E+00 -0.39376E-01 -0.12313E+00 -0.25048E+00  0.36983E-01  0.94747E-01  0.12390E+00 -0.12400E+00  0.12301E+00  0.64379E-01
 0.800000E+02  0.14531E+00  0.19026E+00 -0.30168E-01  0.16209E+00  0.12647E+00  0.33248E+00  0.61467E-01  0.20531E+00  0.51107E-01  0.94380E-01
 0.100000E+03  0.68329E+00  0.84302E-01  0.20604E+00 -0.15436E+00  0.42119E-01  0.24406E-01  0.36511E-02  0.15391E+00  0.38170E+00  0.27077E+00
 0.120000E+03  0.57276E+00  0.58638E+00  0.25954E+00  0.36605E+00  0.38321E+00  0.73476E+00  0.31725E+00  0.46708E+00  0.29160E+00  0.28726E+00
 0.140000E+03  0.98400E+00  0.49929E+00  0.24536E+00  0.72646E+00  0.48036E+00  0.64066E+00  0.22179E+00  0.24860E+00  0.48093E+00  0.38998E+00
 0.160000E+03  0.25945E+00  0.21816E+00  0.23079E+00  0.56756E+00  0.23698E+00  0.30251E+00  0.15652E+00  0.42617E-01  0.53134E-01  0.21872E+00
 0.180000E+03 -0.11531E-08 -0.11039E-06 -0.28154E-06 -0.45866E-06 -0.70071E-07 -0.16907E-06  0.13106E-06 -0.84721E-07  0.18426E-07 -0.33388E-06
 33.000000 10 10
 0.000000E+00  0.00000E+00  0.00000E+00  0.00000E+00  0.00000E+00  0.00000E+00  0.00000E+00  0.00000E+00  0.00000E+00  0.00000E+00  0.00000E+00
 0.200000E+02 -0.22064E+00 -0.17529E+00 -0.18379E+00  0.16345E+00 -0.37338E-01 -0.12030E+00  0.38215E+00 -0.22101E+00  0.19192E+00  0.18040E+00
 0.400000E+02 -0.28675E-02 -0.13548E+00 -0.11730E+00 -0.30250E+00 -0.14867E+00 -0.57752E-01  0.49327E-01 -0.22618E-01 -0.25685E-01  0.23136E-01
 0.600000E+02  0.31925E+00 -0.21852E-01 -0.57911E-01 -0.26518E+00  0.36565E-01  0.71370E-01  0.12153E+00 -0.78168E-01  0.13949E+00  0.86745E-01
 0.800000E+02  0.19897E+00  0.23561E+00 -0.12926E-01  0.13073E+00  0.14241E+00  0.37996E+00 -0.39695E-01  0.21778E+00  0.96256E-01  0.12758E+00
 0.100000E+03  0.71092E+00  0.23214E+00  0.28728E+00  0.32373E+00  0.17647E+00  0.86265E-01  0.42258E-02  0.24721E+00  0.40388E+00  0.30046E+00
 0.120000E+03  0.76713E+00  0.61355E+00  0.35592E+00  0.32760E+00  0.41442E+00  0.70543E+00  0.35894E+00  0.51701E+00  0.41567E+00  0.39601E+00
 0.140000E+03  0.98751E+00  0.50158E+00  0.38077E+00  0.91091E+00  0.54715E+00  0.68908E+00  0.12227E+00  0.31280E+00  0.56231E+00  0.48378E+00
 0.160000E+03  0.22228E+00  0.31613E+00  0.32015E+00  0.37762E+00  0.43420E+00  0.44456E+00  0.24238E+00  0.35654E+00 -0.65998E-01  0.98173E-01
 0.180000E+03  0.10088E-07 -0.46781E-07 -0.20238E-07 -0.38556E-08 -0.12327E-06 -0.23003E-06  0.83267E-07 -0.15829E-06  0.25087E-06 -0.21292E-06
 36.000000 10 10
 0.000000E+00  0.00000E+00  0.00000E+00  0.00000E+00  0.00000E+00  0.00000E+00  0.00000E+00  0.00000E+00  0.00000E+00  0.00000E+00  0.00000E+00
 0.200000E+02 -0.21546E+00 -0.14712E+00 -0.18069E+00  0.10778E+00 -0.11264E-01 -0.95149E-01  0.36919E+00 -0.21543E+00  0.18624E+00  0.18499E+00
 0.400000E+02  0.22360E-01 -0.88848E-01 -0.97729E-01 -0.13249E+00 -0.73100E-01 -0.24357E-01  0.17384E-01 -0.15286E-03 -0.44246E-01  0.11410E-01
 0.600000E+02  0.41718E+00 -0.94641E-02  0.77844E-02 -0.27545E+00  0.27305E-01  0.43626E-01  0.12648E+00 -0.20595E-01  0.15402E+00  0.10646E+00
 0.800000E+02  0.30197E+00  0.26769E+00  0.10555E-01  0.97798E-01  0.15191E+00  0.39396E+00 -0.14259E+00  0.22777E+00  0.17833E+00  0.18262E+00
 0.100000E+03  0.71621E+00  0.44200E+00  0.31126E+00  0.73019E+00  0.35860E+00  0.24189E+00  0.44910E-01  0.33259E+00  0.41640E+00  0.32191E+00
 0.120000E+03  0.89461E+00  0.59993E+00  0.46064E+00  0.20908E+00  0.40828E+00  0.65694E+00  0.34537E+00  0.55603E+00  0.55598E+00  0.51264E+00
 0.140000E+03  0.94213E+00  0.56750E+00  0.48789E+00  0.99103E+00  0.59414E+00  0.79235E+00  0.11170E-01  0.37231E+00  0.63230E+00  0.55276E+00
 0.160000E+03  0.42428E+00  0.35980E+00  0.27375E+00  0.95510E-01  0.56512E+00  0.47412E+00  0.14365E+00  0.57149E+00 -0.14480E+00 -0.83857E-01
 0.180000E+03  0.18678E-08  0.95017E-07  0.43306E-07  0.54344E-06 -0.19925E-06 -0.30762E-06  0.23169E-07 -0.21180E-06  0.19285E-06  0.53687E-07
 23.000000 10 10
 0.000000E+00  0.00000E+00  0.00000E+00  0.00000E+00  0.00000E+00  0.00000E+00  0.00000E+00  0.00000E+00  0.00000E+00  0.00000E+00  0.00000E+00
 0.200000E+02 -0.85237E-01 -0.24268E+00 -0.18319E+00 -0.98508E-01 -0.14226E+00 -0.13687E+00  0.33127E+00 -0.23524E+00  0.19346E+00  0.14342E+00
 0.400000E+02 -0.93151E-01 -0.14237E+00 -0.16316E+00  0.92334E+00 -0.16243E+00 -0.22388E-01  0.19430E+00 -0.99909E-01  0.12103E-01  0.21463E-01
 0.600000E+02 -0.30280E+00 -0.15831E+00 -0.22608E+00 -0.35222E+00 -0.32488E-01 -0.19846E-01  0.48146E-01 -0.22679E+00  0.10424E+00  0.35516E-01
 0.800000E+02  0.96452E-01  0.26267E-01 -0.61768E-01  0.15966E+00 -0.44199E-01  0.21925E+00  0.10899E+00  0.14423E+00  0.37335E-02  0.63981E-01
 0.100000E+03  0.23921E+00  0.16019E-01 -0.11684E+00 -0.27675E+00  0.62486E-01  0.10743E+00  0.15399E+00  0.34962E-01  0.17349E+00  0.77767E-01
 0.120000E+03  0.29286E+00  0.11818E+00  0.20629E+00 -0.57799E-03 -0.82486E-01 -0.10593E-01  0.97819E-02  0.31815E+00  0.21979E+00  0.22507E+00
 0.140000E+03  0.87421E+00  0.56830E+00 -0.14233E-01  0.53878E+00  0.52173E+00  0.74279E+00  0.43749E+00  0.70729E-01  0.13200E+00  0.11262E+00
 0.160000E+03  0.61645E+00 -0.20975E+00 -0.22879E+00  0.44240E+00 -0.18159E+00 -0.11992E+00 -0.14170E+00  0.47689E-01 -0.10574E+00 -0.21829E+00
 0.180000E+03 -0.21837E-06 -0.23913E-06 -0.30035E-07 -0.33827E-06 -0.26874E-07 -0.27892E-06  0.17122E-06 -0.38487E-06 -0.67010E-07  0.23651E-08
 26.000000 10 10
 0.000000E+00  0.00000E+00  0.00000E+00  0.00000E+00  0.00000E+00  0.00000E+00  0.00000E+00  0.00000E+00  0.00000E+00  0.00000E+00  0.00000E+00
 0.200000E+02 -0.15530E+00 -0.21663E+00 -0.16925E+00 -0.25731E-01 -0.11058E+00 -0.12823E+00  0.38473E+00 -0.25129E+00  0.19089E+00  0.16319E+00
 0.400000E+02 -0.67492E-01 -0.16549E+00 -0.15718E+00 -0.13427E+00 -0.18492E+00 -0.61777E-01  0.12206E+00 -0.65479E-01  0.78230E-02  0.31055E-01
 0.600000E+02 -0.85131E-01 -0.90641E-01 -0.19016E+00 -0.27160E+00  0.27506E-02  0.81968E-01  0.12075E+00 -0.18356E+00  0.10459E+00  0.44555E-01
 0.800000E+02  0.11586E+00  0.11219E+00 -0.46051E-01  0.20656E+00  0.75555E-01  0.24176E+00  0.10995E+00  0.19206E+00  0.20772E-01  0.65201E-01
 0.100000E+03  0.52443E+00  0.45534E-02  0.11207E-01 -0.34256E+00  0.51095E-02  0.24943E-01  0.74278E-01  0.73657E-01  0.29340E+00  0.17346E+00
 0.120000E+03  0.37067E+00  0.41883E+00  0.20538E+00  0.27379E+00  0.19563E+00  0.49715E+00  0.15948E+00  0.39905E+00  0.21946E+00  0.21735E+00
 0.140000E+03  0.96237E+00  0.55566E+00  0.84432E-01  0.60212E+00  0.46585E+00  0.69070E+00  0.36287E+00  0.16776E+00  0.30696E+00  0.23875E+00
 0.160000E+03  0.52327E+00 -0.41980E-01  0.55110E-02  0.56751E+00 -0.31614E-01 -0.44254E-01 -0.19554E-01 -0.14797E+00  0.41597E-01  0.42947E-01
 0.180000E+03 -0.12899E-06 -0.13436E-06 -0.76999E-07 -0.34439E-06 -0.31020E-07 -0.18413E-06  0.17090E-06 -0.72974E-07 -0.10591E-06 -0.13270E-06
 12.000000 10 10
 0.000000E+00  0.00000E+00  0.00000E+00  0.00000E+00  0.00000E+00  0.00000E+00  0.00000E+00  0.00000E+00  0.00000E+00  0.00000E+00  0.00000E+00
 0.200000E+02  0.52600E-01 -0.31879E-01 -0.16348E+00 -0.43403E+00  0.22159E+00  0.41897E+00  0.35259E+00 -0.33346E-02 -0.71630E-02 -0.33249E-01
 0.400000E+02  0.24723E+00 -0.12634E+00 -0.97351E-01  0.25401E+00 -0.72983E-01  0.75169E-01  0.10132E-01  0.22721E+00  0.66132E-02 -0.17030E-01
 0.600000E+02 -0.77757E+00 -0.21356E+00 -0.12826E+00 -0.87475E-01 -0.27998E+00 -0.27599E+00  0.11067E+00 -0.16243E+00  0.10954E+00 -0.75410E-01
 0.800000E+02  0.32505E+00 -0.12103E+00 -0.31472E+00  0.15563E+00  0.16353E+00  0.26785E+00  0.31075E+00 -0.37460E+00  0.10458E+00  0.20173E-01
 0.100000E+03 -0.23072E+00 -0.16478E+00  0.16024E+00  0.24840E+00 -0.44786E+00  0.33098E-02 -0.24657E+00  0.36036E+00  0.11169E+00  0.26491E+00
 0.120000E+03 -0.34832E+00 -0.66656E-01 -0.11581E+00  0.37885E+00  0.21466E+00 -0.16745E-01  0.33476E+00  0.11326E-02  0.12412E+00  0.75772E-01
 0.140000E+03 -0.90260E-01  0.11681E+00 -0.26470E+00 -0.82421E+00  0.11554E+00  0.11578E+00  0.28081E-02 -0.34983E+00 -0.13218E+00 -0.12412E+00
 0.160000E+03  0.47267E+00 -0.16569E-01 -0.33489E+00  0.94043E+00 -0.44704E+00  0.64722E-01 -0.35125E+00  0.60556E-01 -0.29294E+00 -0.23841E+00
 0.180000E+03 -0.28367E-06 -0.20333E-06  0.49069E-07 -0.24394E-06  0.10702E-06 -0.11129E-06  0.13399E-06 -0.11172E-06  0.76601E-07  0.72738E-07
 14.000000 10 10
 0.000000E+00  0.00000E+00  0.00000E+00  0.00000E+00  0.00000E+00  0.00000E+00  0.00000E+00  0.00000E+00  0.00000E+00  0.00000E+00  0.00000E+00
 0.200000E+02  0.37325E-01 -0.25830E-01 -0.11702E+00 -0.41960E+00  0.63098E-01  0.16367E+00  0.35898E+00 -0.32732E+00 -0.76406E-03 -0.23981E+00
 0.400000E+02  0.24247E+00 -0.12320E+00 -0.16948E+00  0.15092E+00 -0.85233E-01  0.91719E-01  0.15595E+00 -0.83302E-01  0.61877E-02 -0.12639E+00
 0.600000E+02 -0.68427E+00 -0.13449E+00 -0.88863E-01  0.47345E+00 -0.32502E+00 -0.13679E+00  0.34339E-01 -0.11489E-01  0.10195E+00 -0.14666E-01
 0.800000E+02  0.34683E-01 -0.20783E+00 -0.29566E+00 -0.92618E-01  0.31834E-02 -0.11725E-01  0.37987E+00 -0.54783E+00  0.84747E-01 -0.26018E-01
 0.100000E+03 -0.19803E+00 -0.28655E-01  0.80244E-01  0.37749E+00 -0.19543E+00  0.17810E+00 -0.22868E+00  0.42597E+00 -0.93843E-02  0.12661E+00
 0.120000E+03 -0.70623E-01 -0.29485E+00 -0.48070E-01 -0.77860E-01 -0.47497E-01 -0.30016E+00  0.10297E+00  0.13892E+00  0.17738E+00  0.89563E-01
 0.140000E+03  0.18060E-01  0.27179E+00 -0.23534E+00 -0.65069E+00  0.29692E+00  0.36522E+00  0.97060E-01 -0.33295E+00 -0.10438E+00 -0.10482E+00
 0.160000E+03  0.24968E+00 -0.37400E-01 -0.41059E+00  0.79801E+00 -0.44343E+00  0.18360E+00 -0.30657E+00  0.95260E-01 -0.33278E+00 -0.21473E+00
 0.180000E+03 -0.42741E-06 -0.24079E-06  0.97889E-07 -0.29480E-06  0.11318E-06 -0.15714E-06  0.15074E-06 -0.14063E-06  0.68651E-07  0.64531E-07
 18.000000 10 10
 0.000000E+00  0.00000E+00  0.00000E+00  0.00000E+00  0.00000E+00  0.00000E+00  0.00000E+00  0.00000E+00  0.00000E+00  0.00000E+00  0.00000E+00
 0.200000E+02  0.11889E-01 -0.18418E+00 -0.12726E+00  0.11717E+00 -0.16775E+00 -0.24792E+00  0.46209E-01 -0.13442E+00  0.92674E-01  0.77272E-01
 0.400000E+02 -0.91675E-01 -0.10473E+00 -0.22006E+00  0.20617E+00 -0.16171E+00  0.12176E+00  0.13707E+00 -0.26547E+00  0.66876E-02 -0.28339E-01
 0.600000E+02 -0.57975E+00 -0.20036E+00 -0.19539E+00  0.13871E+00  0.12861E-01 -0.22238E+00 -0.15082E+00 -0.12462E+00  0.87739E-01  0.11163E-01
 0.800000E+02  0.10252E-01 -0.19773E+00 -0.16448E+00 -0.43057E+00 -0.22046E+00  0.26768E-01  0.14987E+00 -0.23734E+00  0.45594E-01  0.61897E-01
 0.100000E+03 -0.16798E+00  0.85950E-01 -0.15244E+00  0.96823E-01  0.25372E+00  0.30763E+00  0.53244E-01  0.88057E-01  0.88363E-02 -0.54437E-03
 0.120000E+03  0.21916E+00 -0.36439E+00  0.98758E-01 -0.55187E+00 -0.32227E+00 -0.47284E+00 -0.10235E+00  0.17873E+00  0.25395E+00  0.22273E+00
 0.140000E+03  0.27796E+00  0.47601E+00 -0.17852E+00  0.67471E-01  0.57142E+00  0.78480E+00  0.35629E+00 -0.18693E+00 -0.44780E-01 -0.38145E-01
 0.160000E+03  0.34127E+00 -0.19165E+00 -0.52650E+00  0.51782E+00 -0.33075E+00  0.11370E+00 -0.28559E+00  0.25238E+00 -0.41356E+00 -0.31851E+00
 0.180000E+03 -0.30252E-06 -0.39944E-06  0.10901E-06 -0.33977E-06  0.18646E-07 -0.16988E-06  0.13065E-06 -0.17749E-06  0.16183E-07  0.13466E-06
 10.000000 10 10
 0.000000E+00  0.00000E+00  0.00000E+00  0.00000E+00  0.00000E+00  0.00000E+00  0.00000E+00  0.00000E+00  0.00000E+00  0.00000E+00  0.00000E+00
 0.200000E+02  0.60062E-01  0.81136E-01 -0.69426E-01  0.76282E-01 -0.24018E-01  0.36977E+00 -0.10809E-01  0.27513E+00  0.13760E-01  0.34221E+00
 0.400000E+02  0.14713E+00 -0.75887E-01 -0.76848E-01  0.26838E+00 -0.17775E+00  0.16592E+00 -0.29044E+00  0.84558E-01  0.49269E-01  0.24942E+00
 0.600000E+02 -0.98723E+00 -0.17422E+00 -0.22464E+00 -0.12691E+00  0.50488E-01 -0.96524E-01  0.49288E-01 -0.27405E+00  0.77969E-01  0.19305E-01
 0.800000E+02  0.88726E+00 -0.68088E-01 -0.18787E+00  0.13811E+00  0.82115E-01  0.33356E+00 -0.32462E-01 -0.12893E-01  0.13262E+00  0.93407E-01
 0.100000E+03 -0.25381E+00 -0.24930E+00  0.76158E-01  0.34145E+00 -0.43825E+00 -0.16349E+00 -0.21938E+00  0.19402E+00  0.28713E+00  0.20406E+00
 0.120000E+03 -0.43587E+00  0.15136E+00 -0.18956E+00  0.25165E+00  0.39364E+00  0.55882E-01  0.49250E+00 -0.20649E+00  0.97250E-01  0.56474E-01
 0.140000E+03 -0.25122E+00 -0.74302E-01 -0.28332E+00 -0.86037E+00 -0.23088E-01 -0.11694E+00 -0.13726E-01 -0.36105E+00 -0.13013E+00 -0.69413E-01
 0.160000E+03  0.70044E+00 -0.56148E-01 -0.34612E+00  0.99315E+00 -0.34195E+00  0.14772E-04 -0.46043E+00  0.46341E-01 -0.22897E+00 -0.13353E+00
 0.180000E+03 -0.18283E-06 -0.16160E-06  0.67700E-07 -0.18097E-06  0.13030E-07 -0.78253E-07  0.18613E-06 -0.10442E-06  0.61915E-07  0.34094E-07
 16.000000 10 10
 0.000000E+00  0.00000E+00  0.00000E+00  0.00000E+00  0.00000E+00  0.00000E+00  0.00000E+00  0.00000E+00  0.00000E+00  0.00000E+00  0.00000E+00
 0.200000E+02  0.26447E-01 -0.75330E-01 -0.82777E-01 -0.74470E-01 -0.11529E+00 -0.12372E+00  0.13936E+00 -0.26686E+00  0.82648E-02 -0.48646E-01
 0.400000E+02  0.37803E-01 -0.10919E+00 -0.21726E+00  0.11598E+00 -0.14166E+00  0.12580E+00  0.11792E+00 -0.25589E+00  0.81564E-02 -0.77275E-01
 0.600000E+02 -0.63931E+00 -0.14102E+00 -0.13344E+00  0.68404E+00 -0.11353E+00 -0.12917E+00 -0.99768E-01 -0.15176E-01  0.82664E-01  0.31016E-01
 0.800000E+02 -0.16608E-01 -0.23996E+00 -0.22858E+00 -0.40806E+00 -0.16037E+00 -0.64710E-01  0.25568E+00 -0.44115E+00  0.74289E-01 -0.71297E-02
 0.100000E+03 -0.19389E+00  0.63424E-01 -0.67110E-01  0.29224E+00  0.13604E+00  0.29807E+00 -0.10731E+00  0.26231E+00 -0.16011E-01  0.12639E-01
 0.120000E+03  0.13476E+00 -0.39951E+00  0.23072E-01 -0.45725E+00 -0.23971E+00 -0.50770E+00 -0.48147E-01  0.16436E+00  0.23338E+00  0.15176E+00
 0.140000E+03  0.12528E+00  0.38983E+00 -0.21705E+00 -0.30188E+00  0.46905E+00  0.59477E+00  0.24164E+00 -0.26715E+00 -0.76107E-01 -0.77942E-01
 0.160000E+03  0.20704E+00 -0.11064E+00 -0.50786E+00  0.64489E+00 -0.38036E+00  0.18421E+00 -0.30026E+00  0.20345E+00 -0.40283E+00 -0.23518E+00
 0.180000E+03 -0.39536E-06 -0.29236E-06  0.16145E-06 -0.31901E-06  0.55706E-07 -0.15867E-06  0.14323E-06 -0.17147E-06  0.63372E-07  0.72769E-07
  7.000000 10 10
 0.000000E+00  0.00000E+00  0.00000E+00  0.00000E+00  0.00000E+00  0.00000E+00  0.00000E+00  0.00000E+00  0.00000E+00  0.00000E+00  0.00000E+00
 0.200000E+02  0.21052E-01  0.13436E+00 -0.11088E+00 -0.74911E-01 -0.69475E-01  0.16005E+00 -0.44689E-01 -0.34267E+00  0.43681E-02 -0.10360E+00
 0.400000E+02  0.23666E-01  0.13976E+00 -0.23228E+00 -0.49599E+00  0.18030E-01  0.25400E+00 -0.30914E+00 -0.47206E+00  0.16082E-01 -0.14711E+00
 0.600000E+02 -0.42012E-01  0.17265E+00 -0.17041E+00 -0.29875E+00  0.11570E+00  0.36235E+00 -0.27497E+00 -0.20326E+00  0.70042E-01 -0.10541E+00
 0.800000E+02  0.68956E+00 -0.17847E+00 -0.12713E-03  0.31313E+00 -0.35401E+00 -0.14312E+00 -0.12392E+00 -0.20899E-01  0.12650E+00 -0.20728E-01
 0.100000E+03  0.29119E+00 -0.39038E-01 -0.61962E-01  0.62545E+00 -0.17246E+00 -0.27407E+00  0.21877E+00 -0.15710E+00  0.71876E-01  0.42848E-01
 0.120000E+03 -0.10371E+00  0.19872E+00 -0.28820E+00 -0.24730E+00  0.15690E+00  0.45114E-01  0.23360E+00 -0.39389E+00 -0.15175E-01  0.69984E-01
 0.140000E+03 -0.55862E+00 -0.25378E+00 -0.42217E+00 -0.54384E+00 -0.22897E+00  0.17140E-01 -0.66055E-01 -0.44897E+00  0.10101E-01  0.69980E-01
 0.160000E+03  0.90407E+00 -0.88814E-01 -0.53121E+00  0.85294E+00 -0.33077E+00  0.18421E+00 -0.31614E+00 -0.42042E+00  0.63793E-01  0.44711E-01
 0.180000E+03 -0.14474E-06 -0.71766E-07  0.15954E-06 -0.12771E-06  0.35966E-07 -0.51699E-07  0.24259E-06  0.17342E-06 -0.13895E-07 -0.64720E-08
  8.000000 10 10
 0.000000E+00  0.00000E+00  0.00000E+00  0.00000E+00  0.00000E+00  0.00000E+00  0.00000E+00  0.00000E+00  0.00000E+00  0.00000E+00  0.00000E+00
 0.200000E+02  0.39408E-01  0.14338E+00 -0.38114E-01  0.43672E+00 -0.20566E+00  0.20204E+00 -0.12612E-01 -0.16915E+00  0.56679E-01  0.53518E-01
 0.400000E+02  0.56737E-01  0.60179E-01 -0.17310E+00 -0.10588E+00 -0.14749E+00  0.29668E+00 -0.26761E+00 -0.41263E+00  0.46153E-01  0.62138E-02
 0.600000E+02 -0.38165E+00  0.98804E-01 -0.21458E+00 -0.98448E-01  0.20930E+00  0.42287E+00 -0.13631E+00 -0.23967E+00  0.61979E-01 -0.67433E-02
 0.800000E+02  0.83065E+00 -0.12424E+00 -0.32885E-02  0.19047E+00 -0.24745E+00 -0.32931E-01 -0.15115E+00  0.96170E-01  0.16922E+00  0.55088E-01
 0.100000E+03  0.42535E-01 -0.16389E+00 -0.12782E-01  0.69164E+00 -0.25113E+00 -0.25759E+00  0.23708E-01 -0.28279E-01  0.19371E+00  0.78997E-01
 0.120000E+03 -0.22671E+00  0.21759E+00 -0.25779E+00 -0.12331E+00  0.30545E+00  0.78668E-01  0.29136E+00 -0.37705E+00  0.28312E-01  0.54876E-01
 0.140000E+03 -0.44944E+00 -0.22961E+00 -0.33861E+00 -0.70322E+00 -0.15864E+00 -0.85784E-01 -0.55826E-01 -0.43546E+00 -0.47361E-01  0.51495E-01
 0.160000E+03  0.85385E+00 -0.98612E-01 -0.41448E+00  0.92018E+00 -0.30552E+00  0.15311E+00 -0.40088E+00 -0.23914E+00 -0.17896E-01  0.48793E-01
 0.180000E+03 -0.14869E-06 -0.10846E-06  0.12485E-06 -0.14131E-06  0.20435E-07 -0.73017E-07  0.43246E-06  0.88914E-08 -0.55033E-09 -0.85690E-08
 20.000000 10 10
 0.000000E+00  0.00000E+00  0.00000E+00  0.00000E+00  0.00000E+00  0.00000E+00  0.00000E+00  0.00000E+00  0.00000E+00  0.00000E+00  0.00000E+00
 0.200000E+02 -0.16869E-01 -0.24741E+00 -0.17779E+00  0.51235E-01 -0.16267E+00 -0.22949E+00  0.13502E+00 -0.13260E+00  0.16626E+00  0.99494E-01
 0.400000E+02 -0.11135E+00 -0.11395E+00 -0.19446E+00  0.48361E+00 -0.15776E+00  0.70200E-01  0.19676E+00 -0.20346E+00  0.77245E-02 -0.10227E-02
 0.600000E+02 -0.48984E+00 -0.21681E+00 -0.22956E+00 -0.31412E+00 -0.67898E-02 -0.20289E+00 -0.90968E-01 -0.20748E+00  0.10036E+00  0.88970E-02
 0.800000E+02  0.52354E-01 -0.10688E+00 -0.10875E+00 -0.16183E+00 -0.18893E+00  0.14481E+00  0.11519E+00 -0.39993E-01  0.15047E-01  0.86478E-01
 0.100000E+03 -0.65042E-01  0.63532E-01 -0.16935E+00 -0.88916E-01  0.18707E+00  0.24064E+00  0.15978E+00  0.15559E-01  0.55219E-01  0.18829E-01
 0.120000E+03  0.25126E+00 -0.21966E+00  0.16651E+00 -0.41426E+00 -0.29407E+00 -0.34323E+00 -0.92142E-01  0.22544E+00  0.24543E+00  0.24546E+00
 0.140000E+03  0.51660E+00  0.53169E+00 -0.11395E+00  0.32623E+00  0.58794E+00  0.80647E+00  0.42425E+00 -0.83857E-01  0.28058E-02  0.13536E-01
 0.160000E+03  0.50604E+00 -0.24280E+00 -0.45518E+00  0.43242E+00 -0.28255E+00  0.18270E-01 -0.24254E+00  0.22833E+00 -0.31828E+00 -0.36779E+00
 0.180000E+03 -0.25610E-06 -0.49054E-06  0.22695E-07 -0.35137E-06 -0.85760E-08 -0.22278E-06  0.13842E-06 -0.20607E-06 -0.27595E-07  0.17734E-06
  2.000000 10  2
 0.000000E+00  0.00000E+00  0.00000E+00
 0.200000E+02 -0.48119E-01  0.25709E-01
 0.400000E+02 -0.11274E+00  0.73631E-01
 0.600000E+02 -0.24516E+00  0.10917E+00
 0.800000E+02  0.29360E-01  0.96228E-01
 0.100000E+03  0.10256E+00  0.39086E-01
 0.120000E+03  0.11437E+00 -0.49232E-01
 0.140000E+03  0.31454E+00 -0.14533E+00
 0.160000E+03  0.26054E+00 -0.16554E+00
 0.180000E+03 -0.38121E-07  0.29904E-07
  1.300000 10  1
 0.000000E+00  0.00000E+00
 0.200000E+02 -0.26584E-01
 0.400000E+02 -0.53654E-01
 0.600000E+02 -0.80323E-01
 0.800000E+02  0.95517E-03
 0.100000E+03  0.59349E+00
 0.120000E+03  0.43968E+00
 0.140000E+03  0.34756E+00
 0.160000E+03  0.19149E+00
 0.180000E+03 -0.26125E-07
  1.000000 10  1
 0.000000E+00  0.00000E+00
 0.200000E+02 -0.63768E-02
 0.400000E+02 -0.98997E-02
 0.600000E+02 -0.40345E-02
 0.800000E+02  0.72452E-01
 0.100000E+03  0.41777E+00
 0.120000E+03  0.42215E+00
 0.140000E+03  0.29817E+00
 0.160000E+03  0.15380E+00
 0.180000E+03 -0.20638E-07
  1.500000 10  2
 0.000000E+00  0.00000E+00  0.00000E+00
 0.200000E+02 -0.36921E-01  0.15120E-01
 0.400000E+02 -0.78570E-01  0.26131E-01
 0.600000E+02 -0.13462E+00  0.30516E-01
 0.800000E+02 -0.11124E+00  0.28076E-01
 0.100000E+03  0.43895E+00  0.20632E-01
 0.120000E+03  0.36352E+00  0.11267E-01
 0.140000E+03  0.35248E+00  0.34676E-02
 0.160000E+03  0.21006E+00 -0.17796E-03
 0.180000E+03 -0.29129E-07  0.13131E-09
  3.000000 10  4
 0.000000E+00  0.00000E+00  0.00000E+00  0.00000E+00  0.00000E+00
 0.200000E+02 -0.36924E-01 -0.61126E-01 -0.10808E+00 -0.32762E+00
 0.400000E+02 -0.98719E-01 -0.12485E+00 -0.22340E+00  0.36945E+00
 0.600000E+02 -0.30970E+00 -0.10432E+00 -0.34368E+00  0.52500E+00
 0.800000E+02  0.57539E+00  0.63631E-01 -0.43956E+00  0.29227E+00
 0.100000E+03  0.92002E-01  0.11637E+00 -0.43781E+00  0.19668E-01
 0.120000E+03 -0.12178E+00 -0.81533E-02 -0.25210E+00 -0.70763E-01
 0.140000E+03  0.12309E+00 -0.99978E-01  0.84187E-01  0.14625E-02
 0.160000E+03  0.44883E+00 -0.33466E-01  0.28184E+00  0.41896E-01
 0.180000E+03 -0.67969E-07  0.59522E-09 -0.59150E-07 -0.78364E-08
  4.000000 10  8
 0.000000E+00  0.00000E+00  0.00000E+00  0.00000E+00  0.00000E+00  0.00000E+00  0.00000E+00  0.00000E+00  0.00000E+00
 0.200000E+02 -0.24232E-01  0.24242E-01 -0.52314E-01 -0.75236E+00  0.48815E-01 -0.45392E-01  0.10532E+00 -0.12016E+00
 0.400000E+02 -0.63549E-01 -0.37424E-01 -0.82445E-01 -0.63898E+00  0.49400E-01 -0.19083E-01  0.83366E-01 -0.23087E+00
 0.600000E+02 -0.24959E+00 -0.20074E+00 -0.13346E+00  0.44122E+00  0.54620E-01  0.99554E-01  0.54600E-01 -0.31756E+00
 0.800000E+02  0.49850E+00 -0.11297E+00 -0.22780E+00  0.80931E+00  0.12393E+00  0.16327E+00  0.21799E+00 -0.35858E+00
 0.100000E+03  0.19767E+00  0.18763E+00 -0.32165E+00  0.13448E+00  0.15528E+00  0.74194E-01  0.42399E+00 -0.33072E+00
 0.120000E+03 -0.11730E+00  0.68037E-01 -0.35706E+00 -0.53703E+00  0.59993E-01 -0.10257E+00  0.29639E+00 -0.23061E+00
 0.140000E+03 -0.22565E+00 -0.10995E+00 -0.36889E+00 -0.18229E+00 -0.11186E+00 -0.29338E+00 -0.53426E-01 -0.10435E+00
 0.160000E+03  0.78499E+00 -0.28062E-01 -0.39016E+00  0.30632E+00 -0.14183E+00 -0.29428E+00 -0.19746E+00 -0.23111E-01
 0.180000E+03 -0.10968E-06 -0.32765E-08  0.93557E-07 -0.50874E-07  0.22459E-07  0.47492E-07  0.37142E-07  0.13962E-08
  6.000000 10  9
 0.000000E+00  0.00000E+00  0.00000E+00  0.00000E+00  0.00000E+00  0.00000E+00  0.00000E+00  0.00000E+00  0.00000E+00  0.00000E+00
 0.200000E+02  0.44402E-02  0.12276E+00 -0.17995E+00 -0.60298E+00  0.14107E+00  0.21864E+00  0.48752E-01 -0.39492E+00 -0.34680E-01
 0.400000E+02  0.49946E-04  0.15869E+00 -0.26184E+00 -0.74474E+00  0.18293E+00  0.16297E+00 -0.31728E+00 -0.36017E+00 -0.23749E-01
 0.600000E+02 -0.42814E-01  0.93166E-01 -0.15541E+00 -0.50086E+00  0.12715E-01  0.82884E-01 -0.30615E+00 -0.14648E+00  0.32031E-01
 0.800000E+02  0.60193E+00 -0.22016E+00 -0.59108E-01  0.46261E+00 -0.33405E+00 -0.23278E+00  0.19654E+00 -0.87862E-01  0.40119E-01
 0.100000E+03  0.40040E+00  0.86582E-01 -0.14419E+00  0.43364E+00 -0.10301E+00 -0.27304E+00  0.63526E+00 -0.19144E+00 -0.15109E-01
 0.120000E+03 -0.53777E-01  0.13166E+00 -0.33013E+00 -0.40731E+00  0.56468E-01 -0.58517E-01  0.30975E+00 -0.31888E+00 -0.86634E-03
 0.140000E+03 -0.68634E+00 -0.23844E+00 -0.47926E+00 -0.41258E+00 -0.23979E+00  0.66760E-01 -0.80160E-01 -0.36934E+00  0.94608E-01
 0.160000E+03  0.92023E+00 -0.58530E-01 -0.59314E+00  0.79295E+00 -0.33523E+00  0.11582E+00 -0.29382E+00 -0.38991E+00  0.11388E+00
 0.180000E+03 -0.14015E-06 -0.37072E-07  0.16462E-06 -0.12069E-06  0.47565E-07 -0.20520E-07  0.13186E-06  0.12096E-06 -0.19217E-07
  5.000000 10  9
 0.000000E+00  0.00000E+00  0.00000E+00  0.00000E+00  0.00000E+00  0.00000E+00  0.00000E+00  0.00000E+00  0.00000E+00  0.00000E+00
 0.200000E+02 -0.10700E-01  0.10887E+00 -0.17797E+00 -0.70745E+00  0.17388E+00  0.70988E-02  0.11042E+00 -0.21564E+00  0.24524E-01
 0.400000E+02 -0.28426E-01  0.11128E+00 -0.19559E+00 -0.83080E+00  0.16425E+00 -0.11283E+00 -0.15890E+00 -0.19226E+00  0.38490E-01
 0.600000E+02 -0.14754E+00 -0.61827E-01 -0.12081E+00 -0.39567E+00 -0.40488E-01 -0.25718E+00 -0.24664E+00 -0.15125E+00  0.33379E-01
 0.800000E+02  0.53919E+00 -0.22092E+00 -0.12866E+00  0.66554E+00 -0.13834E+00 -0.20715E+00  0.30755E+00 -0.15813E+00  0.10466E-01
 0.100000E+03  0.33271E+00  0.15955E+00 -0.23629E+00  0.27951E+00  0.34797E-01 -0.21572E-01  0.66294E+00 -0.17527E+00 -0.17707E-01
 0.120000E+03 -0.78005E-01  0.90511E-01 -0.34710E+00 -0.52053E+00  0.55433E-01 -0.53887E-02  0.37667E+00 -0.14755E+00 -0.35966E-01
 0.140000E+03 -0.65750E+00 -0.17237E+00 -0.43797E+00 -0.27603E+00 -0.16040E+00 -0.94182E-01 -0.60828E-01 -0.67495E-01 -0.36392E-01
 0.160000E+03  0.90923E+00 -0.27630E-01 -0.52759E+00  0.61755E+00 -0.21723E+00 -0.46377E-01 -0.27296E+00  0.11327E-01 -0.21704E-01
 0.180000E+03 -0.13194E-06 -0.13739E-07  0.13767E-06 -0.90995E-07  0.32790E-07  0.36213E-08  0.60837E-07 -0.76966E-08  0.30211E-08
  0.200000 10  1
 0.000000E+00  0.00000E+00
 0.200000E+02  0.92306E-02
 0.400000E+02  0.17545E-01
 0.600000E+02  0.24236E-01
 0.800000E+02  0.28869E-01
 0.100000E+03  0.31021E-01
 0.120000E+03  0.29814E-01
 0.140000E+03  0.24082E-01
 0.160000E+03  0.13588E-01
 0.180000E+03 -0.18823E-08
  0.100000 10  1
 0.000000E+00  0.00000E+00
 0.200000E+02  0.43489E-02
 0.400000E+02  0.82155E-02
 0.600000E+02  0.11184E-01
 0.800000E+02  0.12938E-01
 0.100000E+03  0.13257E-01
 0.120000E+03  0.12002E-01
 0.140000E+03  0.91643E-02
 0.160000E+03  0.49784E-02
 0.180000E+03 -0.68069E-09
  0.400000 10  1
 0.000000E+00  0.00000E+00
 0.200000E+02  0.15799E-01
 0.400000E+02  0.30606E-01
 0.600000E+02  0.44140E-01
 0.800000E+02  0.58034E-01
 0.100000E+03  0.74124E-01
 0.120000E+03  0.84857E-01
 0.140000E+03  0.75136E-01
 0.160000E+03  0.43341E-01
 0.180000E+03 -0.60084E-08
  0.070000 10  1
 0.000000E+00  0.00000E+00
 0.200000E+02  0.28661E-02
 0.400000E+02  0.54034E-02
 0.600000E+02  0.73244E-02
 0.800000E+02  0.84111E-02
 0.100000E+03  0.85257E-02
 0.120000E+03  0.76172E-02
 0.140000E+03  0.57409E-02
 0.160000E+03  0.30891E-02
 0.180000E+03 -0.42090E-09
  0.700000 10  1
 0.000000E+00  0.00000E+00
 0.200000E+02  0.11624E-01
 0.400000E+02  0.24708E-01
 0.600000E+02  0.42523E-01
 0.800000E+02  0.83336E-01
 0.100000E+03  0.18500E+00
 0.120000E+03  0.24576E+00
 0.140000E+03  0.19513E+00
 0.160000E+03  0.10270E+00
 0.180000E+03 -0.13820E-07
  0.040000 10  1
 0.000000E+00  0.00000E+00
 0.200000E+02  0.14679E-02
 0.400000E+02  0.27615E-02
 0.600000E+02  0.37280E-02
 0.800000E+02  0.42533E-02
 0.100000E+03  0.42727E-02
 0.120000E+03  0.37775E-02
 0.140000E+03  0.28182E-02
 0.160000E+03  0.15052E-02
 0.180000E+03 -0.20453E-09
  0.020000 10  1
 0.000000E+00  0.00000E+00
 0.200000E+02  0.63987E-03
 0.400000E+02  0.12024E-02
 0.600000E+02  0.16197E-02
 0.800000E+02  0.18419E-02
 0.100000E+03  0.18424E-02
 0.120000E+03  0.16210E-02
 0.140000E+03  0.12039E-02
 0.160000E+03  0.64093E-03
 0.180000E+03 -0.86987E-10
  0.010000 10  1
 0.000000E+00  0.00000E+00
 0.200000E+02  0.28336E-03
 0.400000E+02  0.53228E-03
 0.600000E+02  0.71663E-03
 0.800000E+02  0.81426E-03
 0.100000E+03  0.81361E-03
 0.120000E+03  0.71498E-03
 0.140000E+03  0.53041E-03
 0.160000E+03  0.28214E-03
 0.180000E+03 -0.38280E-10
  0.001000 10  1
 0.000000E+00  0.00000E+00
 0.200000E+02  0.22085E-04
 0.400000E+02  0.41500E-04
 0.600000E+02  0.55900E-04
 0.800000E+02  0.63549E-04
 0.100000E+03  0.63529E-04
 0.120000E+03  0.55851E-04
 0.140000E+03  0.41444E-04
 0.160000E+03  0.22049E-04
 0.180000E+03 -0.29917E-11
  0.005000 10  1
 0.000000E+00  0.00000E+00
 0.200000E+02  0.12831E-03
 0.400000E+02  0.24105E-03
 0.600000E+02  0.32455E-03
 0.800000E+02  0.36878E-03
 0.100000E+03  0.36848E-03
 0.120000E+03  0.32379E-03
 0.140000E+03  0.24018E-03
 0.160000E+03  0.12775E-03
 0.180000E+03 -0.17332E-10
