0.950000E+02 41
 0.82639762 0.82410042 0.81854841 0.81054723 0.79895848 0.78422420
 0.76367738 0.74192734 0.72366364 0.67874350 0.57050839 0.41996269
 0.27770728 0.17102305 0.10082602 0.05848016 0.03421562 0.02003876
 0.01123112 0.00574084 0.00260076 0.00103368 0.00018144 0.00000000
 0.00000000 0.00000000 0.00000000 0.00000000 0.00000000 0.00000000
 0.00000000 0.00000000 0.00000000 0.00000000 0.00000000 0.00000000
 0.00000000 0.00000000 0.00000000 0.00000000 0.00000000 0.00000000
0.100000E+03 42
 0.82930869 0.82692467 0.82144652 0.81329157 0.80171110 0.78634048
 0.76563189 0.74144752 0.71917288 0.67936986 0.58762503 0.45052044
 0.31040374 0.19847744 0.12091042 0.07176477 0.04263854 0.02555498
 0.01493883 0.00809492 0.00391986 0.00166925 0.00031457 0.00000000
 0.00000000 0.00000000 0.00000000 0.00000000 0.00000000 0.00000000
 0.00000000 0.00000000 0.00000000 0.00000000 0.00000000 0.00000000
 0.00000000 0.00000000 0.00000000 0.00000000 0.00000000 0.00000000
 0.00000000
0.115000E+03 44
 0.83634699 0.83299923 0.82853295 0.81965350 0.80867493 0.79245320
 0.77118260 0.74398770 0.71296958 0.67596572 0.61444593 0.51570465
 0.39444956 0.27844471 0.18581050 0.11919011 0.07454298 0.04655094
 0.02931785 0.01806007 0.01034504 0.00530649 0.00239659 0.00048355
 0.00000000 0.00000000 0.00000000 0.00000000 0.00000000 0.00000000
 0.00000000 0.00000000 0.00000000 0.00000000 0.00000000 0.00000000
 0.00000000 0.00000000 0.00000000 0.00000000 0.00000000 0.00000000
 0.00000000 0.00000000 0.00000000
0.130000E+03 46
 0.84039361 0.83755197 0.83268591 0.82488881 0.81353316 0.79813588
 0.77654288 0.74871778 0.71424410 0.67402560 0.62321079 0.55004886
 0.45367496 0.34765532 0.25031775 0.17261094 0.11511236 0.07492529
 0.04867374 0.03187340 0.02040432 0.01214244 0.00647161 0.00303866
 0.00125362 0.00023429 0.00000000 0.00000000 0.00000000 0.00000000
 0.00000000 0.00000000 0.00000000 0.00000000 0.00000000 0.00000000
 0.00000000 0.00000000 0.00000000 0.00000000 0.00000000 0.00000000
 0.00000000 0.00000000 0.00000000 0.00000000 0.00000000
0.150000E+03 48
 0.84346849 0.84195480 0.83630771 0.82969360 0.81871058 0.80373780
 0.78353900 0.75576853 0.72085566 0.67794693 0.62875407 0.57122860
 0.49965573 0.41526920 0.32589882 0.24306583 0.17502312 0.12241775
 0.08336988 0.05633692 0.03840697 0.02584989 0.01635118 0.00932706
 0.00470156 0.00208453 0.00042416 0.00000000 0.00000000 0.00000000
 0.00000000 0.00000000 0.00000000 0.00000000 0.00000000 0.00000000
 0.00000000 0.00000000 0.00000000 0.00000000 0.00000000 0.00000000
 0.00000000 0.00000000 0.00000000 0.00000000 0.00000000 0.00000000
 0.00000000
0.160000E+03 49
 0.84519212 0.84286945 0.83828922 0.83087920 0.82104303 0.80590588
 0.78661393 0.75954744 0.72482823 0.68197933 0.63211356 0.57731024
 0.51347733 0.43869156 0.35682373 0.27575877 0.20491168 0.14811634
 0.10407141 0.07161581 0.04939115 0.03423440 0.02296207 0.01418794
 0.00782075 0.00379866 0.00162515 0.00032227 0.00000000 0.00000000
 0.00000000 0.00000000 0.00000000 0.00000000 0.00000000 0.00000000
 0.00000000 0.00000000 0.00000000 0.00000000 0.00000000 0.00000000
 0.00000000 0.00000000 0.00000000 0.00000000 0.00000000 0.00000000
 0.00000000 0.00000000
0.180000E+03 51
 0.84743687 0.84466605 0.84078902 0.83355037 0.82427679 0.81033191
 0.79180435 0.76695750 0.73346879 0.69167311 0.64176068 0.58735762
 0.53152207 0.47066349 0.40351095 0.33218042 0.26170544 0.19948423
 0.14854939 0.10763726 0.07626553 0.05408779 0.03860777 0.02675963
 0.01714182 0.00981789 0.00496197 0.00221122 0.00046363 0.00000000
 0.00000000 0.00000000 0.00000000 0.00000000 0.00000000 0.00000000
 0.00000000 0.00000000 0.00000000 0.00000000 0.00000000 0.00000000
 0.00000000 0.00000000 0.00000000 0.00000000 0.00000000 0.00000000
 0.00000000 0.00000000 0.00000000 0.00000000
0.200000E+03 53
 0.84781336 0.84658440 0.84158334 0.83606286 0.82652403 0.81396188
 0.79649688 0.77331282 0.74251549 0.70224724 0.65379991 0.59898848
 0.54381779 0.49024439 0.43396272 0.37390210 0.31086419 0.24854383
 0.19329213 0.14728265 0.10919153 0.07915861 0.05749236 0.04202876
 0.02980154 0.01951386 0.01142511 0.00590714 0.00269603 0.00058840
 0.00000000 0.00000000 0.00000000 0.00000000 0.00000000 0.00000000
 0.00000000 0.00000000 0.00000000 0.00000000 0.00000000 0.00000000
 0.00000000 0.00000000 0.00000000 0.00000000 0.00000000 0.00000000
 0.00000000 0.00000000 0.00000000 0.00000000 0.00000000 0.00000000
0.900000E+02 40
 0.82326474 0.82082770 0.81547381 0.80739695 0.79608746 0.78203632
 0.76171878 0.74362419 0.72945832 0.67549628 0.54744608 0.38483400
 0.24342789 0.14405556 0.08222648 0.04670395 0.02683937 0.01522527
 0.00810348 0.00388062 0.00163761 0.00030394 0.00000000 0.00000000
 0.00000000 0.00000000 0.00000000 0.00000000 0.00000000 0.00000000
 0.00000000 0.00000000 0.00000000 0.00000000 0.00000000 0.00000000
 0.00000000 0.00000000 0.00000000 0.00000000 0.00000000
0.850000E+02 39
 0.81967857 0.81698312 0.81203589 0.80375879 0.79312649 0.77974097
 0.75986214 0.74703402 0.73627989 0.66792388 0.51741224 0.34543643
 0.20829221 0.11825968 0.06546369 0.03644908 0.02045533 0.01112206
 0.00556852 0.00248201 0.00097128 0.00016676 0.00000000 0.00000000
 0.00000000 0.00000000 0.00000000 0.00000000 0.00000000 0.00000000
 0.00000000 0.00000000 0.00000000 0.00000000 0.00000000 0.00000000
 0.00000000 0.00000000 0.00000000 0.00000000
0.800000E+02 38
 0.81561150 0.81263830 0.80823117 0.79966733 0.79017030 0.77729388
 0.75832696 0.75276182 0.74336319 0.65386679 0.47965587 0.30242600
 0.17325005 0.09434117 0.05076359 0.02766491 0.01502533 0.00774181
 0.00361407 0.00149047 0.00026885 0.00000000 0.00000000 0.00000000
 0.00000000 0.00000000 0.00000000 0.00000000 0.00000000 0.00000000
 0.00000000 0.00000000 0.00000000 0.00000000 0.00000000 0.00000000
 0.00000000 0.00000000 0.00000000
0.750000E+02 38
 0.81099301 0.80787301 0.80401171 0.79518839 0.78732147 0.77462282
 0.75751246 0.76145236 0.74917160 0.63082258 0.43389554 0.25689049
 0.13944873 0.07291896 0.03820354 0.02027227 0.01053185 0.00508413
 0.00219522 0.00083319 0.00013793 0.00000000 0.00000000 0.00000000
 0.00000000 0.00000000 0.00000000 0.00000000 0.00000000 0.00000000
 0.00000000 0.00000000 0.00000000 0.00000000 0.00000000 0.00000000
 0.00000000 0.00000000 0.00000000
0.700000E+02 37
 0.80566385 0.80261799 0.79925597 0.79031561 0.78469961 0.77158306
 0.75810381 0.77360172 0.75108619 0.59619495 0.38055246 0.21041972
 0.10811387 0.05441499 0.02773697 0.01419761 0.00696216 0.00311407
 0.00123404 0.00021286 0.00000000 0.00000000 0.00000000 0.00000000
 0.00000000 0.00000000 0.00000000 0.00000000 0.00000000 0.00000000
 0.00000000 0.00000000 0.00000000 0.00000000 0.00000000 0.00000000
 0.00000000 0.00000000
0.650000E+02 36
 0.79959042 0.79700152 0.79394249 0.78521918 0.78244127 0.76803460
 0.76117940 0.78920681 0.74511330 0.54773237 0.32103988 0.16506763
 0.08034670 0.03900424 0.01924717 0.00937987 0.00428177 0.00175618
 0.00063411 0.00009934 0.00000000 0.00000000 0.00000000 0.00000000
 0.00000000 0.00000000 0.00000000 0.00000000 0.00000000 0.00000000
 0.00000000 0.00000000 0.00000000 0.00000000 0.00000000 0.00000000
 0.00000000
0.600000E+02 35
 0.79273946 0.79119886 0.78802895 0.78019743 0.78063043 0.76391913
 0.76825273 0.80718196 0.72571975 0.48423417 0.25802104 0.12311349
 0.05691144 0.02663426 0.01259498 0.00575355 0.00241198 0.00089846
 0.00014504 0.00000000 0.00000000 0.00000000 0.00000000 0.00000000
 0.00000000 0.00000000 0.00000000 0.00000000 0.00000000 0.00000000
 0.00000000 0.00000000 0.00000000 0.00000000 0.00000000 0.00000000
0.550000E+02 34
 0.78498637 0.78544233 0.78134911 0.77576692 0.77917014 0.75950092
 0.78114043 0.82445853 0.68604871 0.40659076 0.19541413 0.08661578
 0.03811420 0.01710342 0.00763492 0.00321468 0.00122136 0.00020161
 0.00000000 0.00000000 0.00000000 0.00000000 0.00000000 0.00000000
 0.00000000 0.00000000 0.00000000 0.00000000 0.00000000 0.00000000
 0.00000000 0.00000000 0.00000000 0.00000000 0.00000000
0.500000E+02 33
 0.77643221 0.78019364 0.77386140 0.77281882 0.77769113 0.75572355
 0.80154445 0.83457910 0.61910407 0.31897736 0.13782177 0.05694057
 0.02383280 0.01013444 0.00419178 0.00159953 0.00054389 0.00007984
 0.00000000 0.00000000 0.00000000 0.00000000 0.00000000 0.00000000
 0.00000000 0.00000000 0.00000000 0.00000000 0.00000000 0.00000000
 0.00000000 0.00000000 0.00000000 0.00000000
0.450000E+02 31
 0.76737012 0.77590619 0.76563082 0.77251047 0.77542525 0.75456441
 0.83019149 0.82560309 0.52087856 0.22938860 0.08935330 0.03450933
 0.01364419 0.00539932 0.00202691 0.00068919 0.00010149 0.00000000
 0.00000000 0.00000000 0.00000000 0.00000000 0.00000000 0.00000000
 0.00000000 0.00000000 0.00000000 0.00000000 0.00000000 0.00000000
 0.00000000 0.00000000
0.400000E+02 30
 0.75872736 0.77303240 0.75727276 0.77617114 0.77127583 0.75914825
 0.86510691 0.77804686 0.39583831 0.14814835 0.05240003 0.01888094
 0.00694751 0.00250061 0.00083390 0.00012138 0.00000000 0.00000000
 0.00000000 0.00000000 0.00000000 0.00000000 0.00000000 0.00000000
 0.00000000 0.00000000 0.00000000 0.00000000 0.00000000 0.00000000
 0.00000000
0.300000E+02 27
 0.74495532 0.76663564 0.74186616 0.79498067 0.74907857 0.79673024
 0.90072927 0.48329216 0.14313812 0.04021056 0.01172688 0.00351277
 0.00103483 0.00013741 0.00000000 0.00000000 0.00000000 0.00000000
 0.00000000 0.00000000 0.00000000 0.00000000 0.00000000 0.00000000
 0.00000000 0.00000000 0.00000000 0.00000000
0.330000E+02 28
 0.74820689 0.76923327 0.74589138 0.78793652 0.75828115 0.78071192
 0.90454943 0.60165182 0.21046058 0.06392516 0.01984126 0.00634613
 0.00202593 0.00061003 0.00008067 0.00000000 0.00000000 0.00000000
 0.00000000 0.00000000 0.00000000 0.00000000 0.00000000 0.00000000
 0.00000000 0.00000000 0.00000000 0.00000000 0.00000000
0.360000E+02 29
 0.75238205 0.77107672 0.75062196 0.78202347 0.76519148 0.76892374
 0.89189603 0.69549093 0.28763766 0.09511240 0.03125032 0.01056944
 0.00361144 0.00118205 0.00035274 0.00004553 0.00000000 0.00000000
 0.00000000 0.00000000 0.00000000 0.00000000 0.00000000 0.00000000
 0.00000000 0.00000000 0.00000000 0.00000000 0.00000000 0.00000000
0.230000E+02 25
 0.74338262 0.75438314 0.73859733 0.81308463 0.71839248 0.84388122
 0.72408350 0.19105656 0.04115660 0.00960170 0.00232316 0.00056648
 0.00006308 0.00000000 0.00000000 0.00000000 0.00000000 0.00000000
 0.00000000 0.00000000 0.00000000 0.00000000 0.00000000 0.00000000
 0.00000000 0.00000000
0.260000E+02 26
 0.74281898 0.76107246 0.73861127 0.80544941 0.73310745 0.82364559
 0.84063789 0.30911843 0.07507134 0.01906297 0.00503938 0.00135639
 0.00035133 0.00004029 0.00000000 0.00000000 0.00000000 0.00000000
 0.00000000 0.00000000 0.00000000 0.00000000 0.00000000 0.00000000
 0.00000000 0.00000000 0.00000000
0.120000E+02 21
 0.76736736 0.69251223 0.76905816 0.79298599 0.60387843 0.53239547
 0.06195281 0.00705003 0.00094707 0.00013550 0.00000945 0.00000000
 0.00000000 0.00000000 0.00000000 0.00000000 0.00000000 0.00000000
 0.00000000 0.00000000 0.00000000 0.00000000
0.140000E+02 21
 0.75980676 0.71034258 0.75921064 0.81117828 0.64103177 0.69824738
 0.13257497 0.01643502 0.00251761 0.00040188 0.00003170 0.00000000
 0.00000000 0.00000000 0.00000000 0.00000000 0.00000000 0.00000000
 0.00000000 0.00000000 0.00000000 0.00000000
0.180000E+02 23
 0.74944924 0.73564838 0.74543556 0.82027804 0.68577854 0.83972275
 0.38377263 0.06083474 0.01109891 0.00215090 0.00043377 0.00004111
 0.00000000 0.00000000 0.00000000 0.00000000 0.00000000 0.00000000
 0.00000000 0.00000000 0.00000000 0.00000000 0.00000000 0.00000000
0.100000E+02 20
 0.77736916 0.66995265 0.78338085 0.75272704 0.54401354 0.31644333
 0.02411342 0.00248364 0.00028415 0.00001694 0.00000000 0.00000000
 0.00000000 0.00000000 0.00000000 0.00000000 0.00000000 0.00000000
 0.00000000 0.00000000 0.00000000
0.160000E+02 22
 0.75393986 0.72444974 0.75139759 0.81851752 0.66672775 0.79510122
 0.24245667 0.03333987 0.00563367 0.00099560 0.00018326 0.00001565
 0.00000000 0.00000000 0.00000000 0.00000000 0.00000000 0.00000000
 0.00000000 0.00000000 0.00000000 0.00000000 0.00000000
0.700000E+01 18
 0.79845376 0.62636522 0.81440473 0.60164126 0.35370816 0.06890042
 0.00343370 0.00027631 0.00001183 0.00000000 0.00000000 0.00000000
 0.00000000 0.00000000 0.00000000 0.00000000 0.00000000 0.00000000
 0.00000000
0.800000E+01 19
 0.79041627 0.64217392 0.80340739 0.66954724 0.43588354 0.12909621
 0.00721795 0.00063822 0.00006252 0.00000323 0.00000000 0.00000000
 0.00000000 0.00000000 0.00000000 0.00000000 0.00000000 0.00000000
 0.00000000 0.00000000
0.200000E+02 24
 0.74618517 0.74452198 0.74146386 0.81880141 0.70064259 0.85269521
 0.53402663 0.10173555 0.01983197 0.00417092 0.00091051 0.00019718
 0.00001920 0.00000000 0.00000000 0.00000000 0.00000000 0.00000000
 0.00000000 0.00000000 0.00000000 0.00000000 0.00000000 0.00000000
 0.00000000
0.200000E+01 11
 0.97810868 0.37880903 0.71360923 0.04225426 0.00507434 0.00011254
 0.00000086 0.00000000 0.00000000 0.00000000 0.00000000 0.00000000
 0.00000000
0.130000E+01 11
 0.99745586 0.27787374 0.45073742 0.01022847 0.00086295 0.00001062
 0.00000006 0.00000000 0.00000000 0.00000000 0.00000000 0.00000000
0.100000E+01 11
 0.99791037 0.22497450 0.30134786 0.00423846 0.00029275 0.00000249
 0.00000001 0.00000000 0.00000000 0.00000000 0.00000000
0.150000E+01 11
 0.99380656 0.30971250 0.54159625 0.01648942 0.00156911 0.00002371
 0.00000014 0.00000000 0.00000000 0.00000000 0.00000000 0.00000000
 0.00000000
0.300000E+01 11
 0.91273993 0.48128926 0.85082161 0.14010268 0.02500752 0.00098806
 0.00002330 0.00000042 0.00000000 0.00000000 0.00000000 0.00000000
 0.00000000 0.00000000 0.00000000
0.400000E+01 11
 0.85872592 0.54155753 0.84938572 0.26480070 0.07267227 0.00424204
 0.00013185 0.00000314 0.00000000 0.00000000 0.00000000 0.00000000
 0.00000000 0.00000000 0.00000000 0.00000000 0.00000000
0.600000E+01 11
 0.80918517 0.60625321 0.82531885 0.50745178 0.25506573 0.03209128
 0.00142344 0.00010030 0.00000369 0.00000000 0.00000000 0.00000000
 0.00000000 0.00000000 0.00000000 0.00000000 0.00000000 0.00000000
0.500000E+01 11
 0.82625623 0.57959672 0.83724579 0.38872608 0.15415984 0.01292613
 0.00049394 0.00003103 0.00000106 0.00000000 0.00000000 0.00000000
 0.00000000 0.00000000 0.00000000 0.00000000 0.00000000 0.00000000
0.200000E+00 11
 0.81478497 0.04067885 0.00848642 0.00001708 0.00000009 0.00000000
 0.00000000 0.00000000 0.00000000
0.100000E+00 11
 0.68227980 0.01626100 0.00153680 0.00000154 0.00000000 0.00000000
 0.00000000 0.00000000
0.400000E+00 11
 0.92616120 0.09261912 0.04482437 0.00018698 0.00000239 0.00000001
 0.00000000 0.00000000 0.00000000 0.00000000
0.700000E-01 11
 0.61274977 0.00990027 0.00063399 0.00000044 0.00000000 0.00000000
 0.00000000 0.00000000
0.700000E+00 11
 0.98318260 0.16394213 0.15430241 0.00126693 0.00006228 0.00000035
 0.00000000 0.00000000 0.00000000 0.00000000 0.00000000
0.400000E-01 11
 0.50805170 0.00444936 0.00015742 0.00000006 0.00000000 0.00000000
 0.00000000 0.00000000
0.200000E-01 11
 0.39229469 0.00161577 0.00002793 0.00000001 0.00000000 0.00000000
 0.00000000
0.100000E-01 11
 0.29598306 0.00057899 0.00000495 0.00000000 0.00000000 0.00000000
 0.00000000
0.100000E-02 11
 0.10473443 0.00001853 0.00000002 0.00000000 0.00000000 0.00000000
 0.00000000
0.500000E-02 11
 0.21942861 0.00020608 0.00000088 0.00000000 0.00000000 0.00000000
 0.00000000
